Pixel-X	Pixel-Y	Longitude	Latitude	B1	B2	B3	B4	B5	B6	B7	B8	B8A	B9	B11	B12	NDVI	NDBI	NDWI
103.5	2.5	78.09486754303464	29.906359741633533	0.0776	0.0976	0.119	0.1422	0.1827	0.2018	0.2025	0.2187	0.2284	0.1986	0.267	0.226	0.2119701	0.09944407	-0.29523245
104.5	2.5	78.09495978272942	29.906359741633533	0.0776	0.0988	0.1218	0.1448	0.1827	0.2018	0.2025	0.2147	0.2284	0.1986	0.267	0.226	0.19443668	0.10857379	-0.27607727
102.5	3.5	78.09477530333986	29.906267501938757	0.0757	0.0976	0.1238	0.1346	0.1661	0.1923	0.209	0.2282	0.2195	0.2008	0.261	0.2203	0.2579934	0.06704825	-0.2965909
103.5	3.5	78.09486754303464	29.906267501938757	0.0776	0.109	0.1286	0.1464	0.1827	0.2018	0.2025	0.228	0.2284	0.1986	0.267	0.226	0.2179487	0.078787856	-0.27874368
104.5	3.5	78.09495978272942	29.906267501938757	0.0776	0.1172	0.1528	0.1592	0.1827	0.2018	0.2025	0.2249	0.2284	0.1986	0.267	0.226	0.17104922	0.085586466	-0.19089228
105.5	3.5	78.09505202242418	29.906267501938757	0.0776	0.0999	0.1152	0.1354	0.1624	0.1887	0.2022	0.1993	0.2147	0.1986	0.2514	0.2104	0.19091727	0.11559793	-0.2674086
101.5	4.5	78.09468306364508	29.90617526224398	0.0782	0.0927	0.1194	0.1312	0.1658	0.1882	0.1861	0.1838	0.2081	0.2059	0.2457	0.2088	0.16698411	0.14412108	-0.21240103
102.5	4.5	78.09477530333986	29.90617526224398	0.0782	0.1017	0.1218	0.1316	0.1658	0.1882	0.1861	0.2095	0.2081	0.2059	0.2457	0.2088	0.22837874	0.079525486	-0.26471478
103.5	4.5	78.09486754303464	29.90617526224398	0.0763	0.1236	0.1422	0.1746	0.1694	0.1989	0.2089	0.2385	0.2193	0.1889	0.2528	0.2092	0.15468408	0.02910643	-0.2529551
104.5	4.5	78.09495978272942	29.90617526224398	0.0763	0.1144	0.1488	0.147	0.1694	0.1989	0.2089	0.2213	0.2193	0.1889	0.2528	0.2092	0.20173773	0.06644164	-0.19589302
105.5	4.5	78.09505202242418	29.90617526224398	0.0763	0.112	0.1396	0.1566	0.1619	0.185	0.196	0.2186	0.2182	0.1889	0.2335	0.1894	0.16524522	0.032957308	-0.22054721
100.5	5.5	78.09459082395031	29.906083022549204	0.0782	0.0944	0.1116	0.1252	0.1658	0.1882	0.1861	0.1756	0.2081	0.2059	0.2457	0.2088	0.1675532	0.16638973	-0.22284126
101.5	5.5	78.09468306364508	29.906083022549204	0.0782	0.0944	0.1116	0.1252	0.1658	0.1882	0.1861	0.1756	0.2081	0.2059	0.2457	0.2088	0.1675532	0.16638973	-0.22284126
102.5	5.5	78.09477530333986	29.906083022549204	0.0782	0.1144	0.132	0.137	0.1658	0.1882	0.1861	0.2024	0.2081	0.2059	0.2457	0.2088	0.19269301	0.09663022	-0.21052632
103.5	5.5	78.09486754303464	29.906083022549204	0.0763	0.0989	0.1242	0.1436	0.1694	0.1989	0.2089	0.2232	0.2193	0.1889	0.2528	0.2092	0.21701197	0.062184867	-0.28497407
99.5	6.5	78.09449858425553	29.905990782854428	0.0782	0.1008	0.1322	0.1594	0.1784	0.2079	0.2212	0.22	0.2324	0.2059	0.2662	0.2288	0.15972587	0.09502264	-0.24929017
100.5	6.5	78.09459082395031	29.905990782854428	0.0782	0.118	0.1416	0.1582	0.155	0.1811	0.1929	0.22	0.2045	0.2059	0.2428	0.2049	0.16340561	0.04926534	-0.21681416
101.5	6.5	78.09468306364508	29.905990782854428	0.0782	0.118	0.1416	0.1582	0.155	0.1811	0.1929	0.22	0.2045	0.2059	0.2428	0.2049	0.16340561	0.04926534	-0.21681416
102.5	6.5	78.09477530333986	29.905990782854428	0.0782	0.0963	0.1222	0.1328	0.155	0.1811	0.1929	0.212	0.2045	0.2059	0.2428	0.2049	0.22969837	0.067722075	-0.26870137
97.5	7.5	78.09431410486597	29.90589854315965	0.0782	0.1126	0.1432	0.1464	0.176	0.1967	0.2104	0.2298	0.2369	0.2059	0.2481	0.1951	0.22169058	0.038292523	-0.2321716
98.5	7.5	78.09440634456075	29.90589854315965	0.0782	0.0985	0.117	0.1302	0.1784	0.2079	0.2212	0.2071	0.2324	0.2059	0.2662	0.2288	0.22798698	0.12486795	-0.27800062
99.5	7.5	78.09449858425553	29.90589854315965	0.0782	0.1246	0.1494	0.1702	0.1784	0.2079	0.2212	0.2392	0.2324	0.2059	0.2662	0.2288	0.1685393	0.05342305	-0.23108596
100.5	7.5	78.09459082395031	29.90589854315965	0.0782	0.1136	0.1368	0.1432	0.155	0.1811	0.1929	0.227	0.2045	0.2059	0.2428	0.2049	0.22636414	0.033631332	-0.24793841
97.5	8.5	78.09431410486597	29.905806303464875	0.0782	0.0891	0.1114	0.1218	0.1686	0.1911	0.2046	0.1992	0.2205	0.2059	0.2586	0.21	0.24112152	0.12975097	-0.2826787
98.5	8.5	78.09440634456075	29.905806303464875	0.0782	0.1264	0.1416	0.1576	0.1625	0.1901	0.194	0.2266	0.2177	0.2059	0.2458	0.2014	0.17959398	0.040643517	-0.23085281
99.5	8.5	78.09449858425553	29.905806303464875	0.0782	0.113	0.1452	0.1574	0.1625	0.1901	0.194	0.2404	0.2177	0.2059	0.2458	0.2014	0.20864758	0.011106544	-0.24688797
18.5	9.5	78.08702716897864	29.905714063770098	0.0758	0.0881	0.1134	0.1228	0.1413	0.1678	0.1826	0.1983	0.2034	0.1752	0.2312	0.1827	0.23512925	0.07660068	-0.2723773
97.5	9.5	78.09431410486597	29.905714063770098	0.0782	0.1152	0.1412	0.15	0.1686	0.1911	0.2046	0.2258	0.2205	0.2059	0.2586	0.21	0.201703	0.06771264	-0.23051767
16.5	10.5	78.08684268958908	29.90562182407532	0.0758	0.0851	0.1062	0.1114	0.1405	0.1667	0.178	0.1983	0.1893	0.1752	0.2193	0.1874	0.28059414	0.05028735	-0.30246305
17.5	10.5	78.08693492928386	29.90562182407532	0.0758	0.0957	0.1136	0.1178	0.1442	0.174	0.188	0.2161	0.2076	0.1752	0.2261	0.1844	0.29439956	0.02261418	-0.3108887
18.5	10.5	78.08702716897864	29.90562182407532	0.0758	0.087	0.1132	0.1138	0.1442	0.174	0.188	0.2034	0.2076	0.1752	0.2261	0.1844	0.28247166	0.052852146	-0.2849021
15.5	11.5	78.08675044989431	29.905529584380545	0.0758	0.0933	0.1172	0.1266	0.1405	0.1667	0.178	0.1814	0.1893	0.1752	0.2193	0.1874	0.17792208	0.09458448	-0.21500334
16.5	11.5	78.08684268958908	29.905529584380545	0.0758	0.0899	0.1102	0.1192	0.1405	0.1667	0.178	0.1876	0.1893	0.1752	0.2193	0.1874	0.22294655	0.07790612	-0.25990596
17.5	11.5	78.08693492928386	29.905529584380545	0.0758	0.082	0.1005	0.1098	0.1442	0.174	0.188	0.2036	0.2076	0.1752	0.2261	0.1844	0.29929802	0.0523621	-0.33903322
18.5	11.5	78.08702716897864	29.905529584380545	0.0758	0.0973	0.1204	0.1236	0.1442	0.174	0.188	0.2106	0.2076	0.1752	0.2261	0.1844	0.26032317	0.03549346	-0.27250758
16.5	12.5	78.08684268958908	29.90543734468577	0.0758	0.0937	0.1158	0.124	0.1417	0.1612	0.1754	0.1831	0.1765	0.1752	0.2208	0.1993	0.19244547	0.09333993	-0.22515891
17.5	12.5	78.08693492928386	29.90543734468577	0.0758	0.086	0.1108	0.116	0.1445	0.1717	0.1803	0.1937	0.1979	0.1752	0.2291	0.1981	0.25088796	0.08372754	-0.2722496
18.5	12.5	78.08702716897864	29.90543734468577	0.0758	0.0887	0.1078	0.1172	0.1445	0.1717	0.1803	0.2019	0.1979	0.1752	0.2291	0.1981	0.26543403	0.06310904	-0.30384246
19.5	12.5	78.08711940867342	29.90543734468577	0.0758	0.1016	0.1274	0.1358	0.15	0.1846	0.1919	0.2183	0.213	0.1752	0.2291	0.1941	0.23298502	0.02413948	-0.26294476
19.5	13.5	78.08711940867342	29.905345104990992	0.0758	0.0963	0.1158	0.1228	0.15	0.1846	0.1919	0.2091	0.213	0.1752	0.2291	0.1941	0.26001805	0.045641284	-0.28716525
73.5	28.5	78.09210035219134	29.903961509569346	0.0617	0.0814	0.1062	0.1216	0.1373	0.1606	0.1696	0.1817	0.1764	0.1758	0.2209	0.1999	0.19815364	0.09736709	-0.26224384
74.5	28.5	78.09219259188612	29.903961509569346	0.0617	0.0828	0.1048	0.121	0.1373	0.1606	0.1696	0.1855	0.1764	0.1758	0.2209	0.1999	0.21044044	0.08710631	-0.27798828
72.5	29.5	78.09200811249657	29.90386926987457	0.0617	0.0793	0.108	0.1236	0.1426	0.1597	0.1692	0.1818	0.1786	0.1758	0.2329	0.2148	0.19056973	0.12322161	-0.25465834
73.5	29.5	78.09210035219134	29.90386926987457	0.0617	0.0839	0.1074	0.1256	0.1431	0.1601	0.1668	0.1833	0.1828	0.1758	0.2276	0.2087	0.18679187	0.1078121	-0.2610939
74.5	29.5	78.09219259188612	29.90386926987457	0.0617	0.0828	0.107	0.1222	0.1431	0.1601	0.1668	0.1782	0.1828	0.1758	0.2276	0.2087	0.18641813	0.12173481	-0.24964938
70.5	30.5	78.09182363310701	29.903777030179793	0.0617	0.0788	0.1114	0.1246	0.1365	0.1678	0.1779	0.1814	0.1918	0.1758	0.2229	0.1938	0.18562092	0.10264655	-0.23907104
71.5	30.5	78.09191587280179	29.903777030179793	0.0617	0.0816	0.1076	0.1216	0.1426	0.1597	0.1692	0.1836	0.1786	0.1758	0.2329	0.2148	0.20314546	0.11836735	-0.26098898
72.5	30.5	78.09200811249657	29.903777030179793	0.0617	0.0821	0.1098	0.124	0.1426	0.1597	0.1692	0.1818	0.1786	0.1758	0.2329	0.2148	0.18901241	0.12322161	-0.24691355
73.5	30.5	78.09210035219134	29.903777030179793	0.0617	0.0803	0.1084	0.1248	0.1431	0.1601	0.1668	0.1812	0.1828	0.1758	0.2276	0.2087	0.18431373	0.11350293	-0.2513812
69.5	31.5	78.09173139341223	29.903684790485016	0.0617	0.0839	0.11	0.1268	0.1393	0.1567	0.1679	0.1775	0.1775	0.1758	0.2286	0.2133	0.16661188	0.12583108	-0.23478259
70.5	31.5	78.09182363310701	29.903684790485016	0.0617	0.085	0.1088	0.1252	0.1399	0.1552	0.1629	0.1815	0.1721	0.1758	0.2275	0.2128	0.183567	0.11246944	-0.25043058
71.5	31.5	78.09191587280179	29.903684790485016	0.0617	0.085	0.1088	0.1252	0.1399	0.1552	0.1629	0.1815	0.1721	0.1758	0.2275	0.2128	0.183567	0.11246944	-0.25043058
72.5	31.5	78.09200811249657	29.903684790485016	0.0617	0.0844	0.1092	0.123	0.1399	0.1552	0.1629	0.1794	0.1721	0.1758	0.2275	0.2128	0.18650791	0.11821088	-0.24324323
68.5	32.5	78.09163915371745	29.90359255079024	0.0617	0.0849	0.1112	0.1238	0.1393	0.1567	0.1679	0.1782	0.1775	0.1758	0.2286	0.2133	0.18013246	0.123893775	-0.2315135
69.5	32.5	78.09173139341223	29.90359255079024	0.0617	0.086	0.1122	0.125	0.1393	0.1567	0.1679	0.1763	0.1775	0.1758	0.2286	0.2133	0.1702622	0.12916768	-0.22218372
70.5	32.5	78.09182363310701	29.90359255079024	0.0617	0.0877	0.1116	0.1272	0.1399	0.1552	0.1629	0.1765	0.1721	0.1758	0.2275	0.2128	0.1623312	0.12623766	-0.225269
71.5	32.5	78.09191587280179	29.90359255079024	0.0617	0.0877	0.1116	0.1272	0.1399	0.1552	0.1629	0.1765	0.1721	0.1758	0.2275	0.2128	0.1623312	0.12623766	-0.225269
68.5	33.5	78.09163915371745	29.903500311095463	0.0604	0.0823	0.1108	0.122	0.1373	0.1517	0.1651	0.1752	0.1705	0.1871	0.2243	0.2084	0.17900403	0.12290362	-0.22517483
69.5	33.5	78.09173139341223	29.903500311095463	0.0604	0.0813	0.1096	0.1226	0.1373	0.1517	0.1651	0.1744	0.1705	0.1871	0.2243	0.2084	0.17441079	0.12515675	-0.22816902
70.5	33.5	78.09182363310701	29.903500311095463	0.0604	0.0868	0.1094	0.1232	0.1316	0.1536	0.1665	0.1758	0.1732	0.1871	0.2033	0.1817	0.17591973	0.07254024	-0.23281908
68.5	34.5	78.09163915371745	29.903408071400687	0.0604	0.0833	0.1106	0.1228	0.1373	0.1517	0.1651	0.1743	0.1705	0.1871	0.2243	0.2084	0.1733423	0.12543903	-0.22358721
69.5	34.5	78.09173139341223	29.903408071400687	0.0604	0.0872	0.109	0.1172	0.1373	0.1517	0.1651	0.1726	0.1705	0.1871	0.2243	0.2084	0.19116631	0.1302595	-0.22585228
68.5	35.5	78.09163915371745	29.90331583170591	0.0604	0.0839	0.1108	0.1206	0.1291	0.1591	0.1747	0.174	0.1823	0.1871	0.2063	0.184	0.18126272	0.084932975	-0.2219101
114.5	48.5	78.09588217967718	29.902116715673817	0.0779	0.0917	0.1106	0.1252	0.1436	0.1514	0.157	0.1595	0.1642	0.153	0.1812	0.1571	0.12047769	0.06369238	-0.18104406
113.5	49.5	78.0957899399824	29.90202447597904	0.0779	0.099	0.1094	0.1096	0.1184	0.1322	0.1361	0.1521	0.1467	0.153	0.167	0.1495	0.16239968	0.046693824	-0.16328873
114.5	49.5	78.09588217967718	29.90202447597904	0.0779	0.0982	0.1146	0.1228	0.1184	0.1322	0.1361	0.1551	0.1467	0.153	0.167	0.1495	0.11622887	0.036945026	-0.15016685
112.5	50.5	78.09569770028763	29.901932236284264	0.0779	0.0957	0.114	0.125	0.1318	0.1523	0.1635	0.1668	0.1722	0.153	0.1884	0.1667	0.14324883	0.06081079	-0.1880342
113.5	50.5	78.0957899399824	29.901932236284264	0.0779	0.0955	0.1108	0.1102	0.1184	0.1322	0.1361	0.1463	0.1467	0.153	0.167	0.1495	0.14074074	0.06607083	-0.13807859
114.5	50.5	78.09588217967718	29.901932236284264	0.0779	0.088	0.1032	0.1086	0.1184	0.1322	0.1361	0.1403	0.1467	0.153	0.167	0.1495	0.12736042	0.08688574	-0.1523614
111.5	51.5	78.09560546059285	29.901839996589487	0.081	0.083	0.0942	0.0998	0.1198	0.1379	0.1463	0.1576	0.1614	0.1388	0.1662	0.1396	0.22455324	0.026559595	-0.25178713
112.5	51.5	78.09569770028763	29.901839996589487	0.081	0.083	0.0942	0.0998	0.1198	0.1379	0.1463	0.1576	0.1614	0.1388	0.1662	0.1396	0.22455324	0.026559595	-0.25178713
113.5	51.5	78.0957899399824	29.901839996589487	0.081	0.0922	0.1008	0.0988	0.117	0.1288	0.1379	0.126	0.1366	0.1388	0.1588	0.1415	0.12099643	0.11516855	-0.11111112
114.5	51.5	78.09588217967718	29.901839996589487	0.081	0.0886	0.0982	0.1034	0.117	0.1288	0.1379	0.1312	0.1366	0.1388	0.1588	0.1415	0.11849958	0.09517243	-0.14385353
109.5	52.5	78.09542098120329	29.90174775689471	0.081	0.0855	0.1015	0.0954	0.1287	0.1571	0.1614	0.1361	0.1699	0.1388	0.1842	0.1528	0.17580992	0.15017174	-0.1456229
110.5	52.5	78.09551322089807	29.90174775689471	0.081	0.0805	0.0944	0.1013	0.1198	0.1379	0.1463	0.1592	0.1614	0.1388	0.1662	0.1396	0.22226486	0.021511983	-0.2555205
111.5	52.5	78.09560546059285	29.90174775689471	0.081	0.0786	0.0944	0.0927	0.1198	0.1379	0.1463	0.1602	0.1614	0.1388	0.1662	0.1396	0.26690394	0.018382344	-0.2584446
112.5	52.5	78.09569770028763	29.90174775689471	0.081	0.0914	0.1068	0.1112	0.117	0.1288	0.1379	0.1525	0.1366	0.1388	0.1588	0.1415	0.15661739	0.02023772	-0.17624375
113.5	52.5	78.0957899399824	29.90174775689471	0.081	0.0914	0.1068	0.1112	0.117	0.1288	0.1379	0.1525	0.1366	0.1388	0.1588	0.1415	0.15661739	0.02023772	-0.17624375
114.5	52.5	78.09588217967718	29.90174775689471	0.081	0.0983	0.114	0.12	0.117	0.1288	0.1379	0.1461	0.1366	0.1388	0.1588	0.1415	0.09808344	0.041653022	-0.12341407
108.5	53.5	78.09532874150852	29.901655517199934	0.081	0.0816	0.0963	0.103	0.1102	0.1277	0.1319	0.1404	0.1388	0.1388	0.1597	0.1376	0.15365656	0.06431189	-0.18631183
109.5	53.5	78.09542098120329	29.901655517199934	0.081	0.0901	0.1028	0.1016	0.1102	0.1277	0.1319	0.1312	0.1388	0.1388	0.1597	0.1376	0.12714778	0.09797183	-0.12136754
110.5	53.5	78.09551322089807	29.901655517199934	0.081	0.0983	0.1108	0.1278	0.118	0.1355	0.139	0.1522	0.1514	0.1388	0.1553	0.1337	0.08714284	0.010081326	-0.15741445
111.5	53.5	78.09560546059285	29.901655517199934	0.081	0.0938	0.109	0.108	0.118	0.1355	0.139	0.1476	0.1514	0.1388	0.1553	0.1337	0.15492955	0.025420967	-0.15042868
112.5	53.5	78.09569770028763	29.901655517199934	0.081	0.0957	0.1134	0.1166	0.1258	0.1398	0.1426	0.1761	0.1484	0.1388	0.1591	0.1416	0.20327981	-0.050716005	-0.21658033
113.5	53.5	78.0957899399824	29.901655517199934	0.081	0.0957	0.1134	0.1166	0.1258	0.1398	0.1426	0.1761	0.1484	0.1388	0.1591	0.1416	0.20327981	-0.050716005	-0.21658033
114.5	53.5	78.09588217967718	29.901655517199934	0.081	0.0982	0.1136	0.1216	0.1258	0.1398	0.1426	0.1556	0.1484	0.1388	0.1591	0.1416	0.1226551	0.011121702	-0.15601781
107.5	54.5	78.09523650181374	29.901563277505158	0.0765	0.0752	0.0876	0.0868	0.1131	0.1326	0.1469	0.1214	0.1484	0.1585	0.1703	0.1426	0.16618635	0.167638	-0.16172248
108.5	54.5	78.09532874150852	29.901563277505158	0.081	0.0722	0.0886	0.0927	0.1102	0.1277	0.1319	0.1368	0.1388	0.1388	0.1597	0.1376	0.1921569	0.0772344	-0.21384206
109.5	54.5	78.09542098120329	29.901563277505158	0.081	0.0805	0.0933	0.0977	0.1102	0.1277	0.1319	0.1534	0.1388	0.1388	0.1597	0.1376	0.22182399	0.020121373	-0.24361575
110.5	54.5	78.09551322089807	29.901563277505158	0.081	0.0917	0.1058	0.1098	0.118	0.1355	0.139	0.141	0.1514	0.1388	0.1553	0.1337	0.124401905	0.048261907	-0.1426256
111.5	54.5	78.09560546059285	29.901563277505158	0.081	0.083	0.0937	0.1042	0.118	0.1355	0.139	0.1404	0.1514	0.1388	0.1553	0.1337	0.14799677	0.050388902	-0.19948743
112.5	54.5	78.09569770028763	29.901563277505158	0.081	0.0843	0.0921	0.0991	0.1258	0.1398	0.1426	0.1394	0.1484	0.1388	0.1591	0.1416	0.16897276	0.06599662	-0.20431966
113.5	54.5	78.0957899399824	29.901563277505158	0.081	0.0843	0.0921	0.0991	0.1258	0.1398	0.1426	0.1394	0.1484	0.1388	0.1591	0.1416	0.16897276	0.06599662	-0.20431966
114.5	54.5	78.09588217967718	29.901563277505158	0.081	0.0922	0.1102	0.1144	0.1258	0.1398	0.1426	0.1392	0.1484	0.1388	0.1591	0.1416	0.097791806	0.066711344	-0.116279066
106.5	55.5	78.09514426211896	29.90147103781038	0.0765	0.0816	0.0987	0.1023	0.1314	0.1523	0.1542	0.141	0.1559	0.1585	0.1719	0.1493	0.15906288	0.0987536	-0.1764706
107.5	55.5	78.09523650181374	29.90147103781038	0.0765	0.0731	0.0904	0.0885	0.1314	0.1523	0.1542	0.14	0.1559	0.1585	0.1719	0.1493	0.22538292	0.10227638	-0.21527776
108.5	55.5	78.09532874150852	29.90147103781038	0.081	0.0793	0.0999	0.1006	0.1191	0.1333	0.1376	0.1625	0.1519	0.1388	0.17	0.144	0.23527175	0.022556415	-0.23856705
109.5	55.5	78.09542098120329	29.90147103781038	0.081	0.0855	0.0958	0.103	0.1191	0.1333	0.1376	0.1436	0.1519	0.1388	0.17	0.144	0.1646391	0.08418367	-0.19966584
110.5	55.5	78.09551322089807	29.90147103781038	0.081	0.0957	0.108	0.109	0.1188	0.1289	0.1353	0.1312	0.1418	0.1388	0.1649	0.1465	0.09242299	0.113812916	-0.09698996
111.5	55.5	78.09560546059285	29.90147103781038	0.081	0.0965	0.1086	0.1174	0.1188	0.1289	0.1353	0.1432	0.1418	0.1388	0.1649	0.1465	0.099002294	0.07043171	-0.13741064
112.5	55.5	78.09569770028763	29.90147103781038	0.081	0.0963	0.11	0.1102	0.1273	0.1282	0.1388	0.1368	0.1444	0.1388	0.1623	0.1411	0.107692316	0.085255764	-0.10858998
113.5	55.5	78.0957899399824	29.90147103781038	0.081	0.0963	0.11	0.1102	0.1273	0.1282	0.1388	0.1368	0.1444	0.1388	0.1623	0.1411	0.107692316	0.085255764	-0.10858998
105.5	56.5	78.09505202242418	29.901378798115605	0.0765	0.1248	0.1454	0.1578	0.1589	0.1716	0.1749	0.2034	0.1885	0.1585	0.2035	0.1778	0.12624584	2.457648E-4	-0.1662844
106.5	56.5	78.09514426211896	29.901378798115605	0.0765	0.1096	0.1282	0.1316	0.1314	0.1523	0.1542	0.1644	0.1559	0.1585	0.1719	0.1493	0.11081077	0.02230154	-0.123718396
107.5	56.5	78.09523650181374	29.901378798115605	0.0765	0.097	0.1128	0.1318	0.1314	0.1523	0.1542	0.176	0.1559	0.1585	0.1719	0.1493	0.14359975	-0.011784981	-0.21883656
108.5	56.5	78.09532874150852	29.901378798115605	0.081	0.0919	0.1096	0.1078	0.1191	0.1333	0.1376	0.1549	0.1519	0.1388	0.17	0.144	0.17929196	0.046475846	-0.17126654
109.5	56.5	78.09542098120329	29.901378798115605	0.081	0.0861	0.1028	0.106	0.1191	0.1333	0.1376	0.1512	0.1519	0.1388	0.17	0.144	0.17573872	0.058530528	-0.19055119
110.5	56.5	78.09551322089807	29.901378798115605	0.081	0.0891	0.104	0.1136	0.1188	0.1289	0.1353	0.1467	0.1418	0.1388	0.1649	0.1465	0.12716095	0.05840825	-0.17032307
111.5	56.5	78.09560546059285	29.901378798115605	0.081	0.0927	0.1	0.1158	0.1188	0.1289	0.1353	0.1509	0.1418	0.1388	0.1649	0.1465	0.13160856	0.04433185	-0.20286968
112.5	56.5	78.09569770028763	29.901378798115605	0.081	0.104	0.116	0.126	0.1273	0.1282	0.1388	0.1537	0.1444	0.1388	0.1623	0.1411	0.09903465	0.027215226	-0.13978495
113.5	56.5	78.0957899399824	29.901378798115605	0.081	0.1001	0.1168	0.1202	0.1273	0.1282	0.1388	0.1502	0.1444	0.1388	0.1623	0.1411	0.11094672	0.038720034	-0.12509361
106.5	57.5	78.09514426211896	29.90128655842083	0.0829	0.0922	0.1114	0.1206	0.138	0.156	0.1623	0.1542	0.1654	0.1596	0.1923	0.1734	0.12227075	0.10995672	-0.16114458
107.5	57.5	78.09523650181374	29.90128655842083	0.0829	0.1088	0.1252	0.1494	0.138	0.156	0.1623	0.2059	0.1654	0.1596	0.1923	0.1734	0.15902056	-0.03415367	-0.24373299
108.5	57.5	78.09532874150852	29.90128655842083	0.0824	0.0961	0.1184	0.12	0.1408	0.147	0.1511	0.1711	0.1709	0.143	0.1928	0.1649	0.17554107	0.05963175	-0.18203801
109.5	57.5	78.09542098120329	29.90128655842083	0.0824	0.0914	0.1052	0.1178	0.1408	0.147	0.1511	0.1642	0.1709	0.143	0.1928	0.1649	0.164539	0.08011207	-0.21900518
110.5	57.5	78.09551322089807	29.90128655842083	0.0824	0.0896	0.1	0.1142	0.1357	0.1431	0.1507	0.1417	0.1514	0.143	0.1792	0.1619	0.10746384	0.11685882	-0.17252792
111.5	57.5	78.09560546059285	29.90128655842083	0.0824	0.0887	0.0987	0.1098	0.1357	0.1431	0.1507	0.1387	0.1514	0.143	0.1792	0.1619	0.11629775	0.12739857	-0.16849196
112.5	57.5	78.09569770028763	29.90128655842083	0.0824	0.104	0.114	0.1308	0.1357	0.14	0.1465	0.1578	0.1575	0.143	0.1769	0.1551	0.09355513	0.057066016	-0.1611479
113.5	57.5	78.0957899399824	29.90128655842083	0.0824	0.1068	0.1242	0.1344	0.1357	0.14	0.1465	0.1666	0.1575	0.143	0.1769	0.1551	0.10697677	0.029985432	-0.14580469
108.5	58.5	78.09532874150852	29.901194318726052	0.0824	0.1019	0.131	0.1412	0.1408	0.147	0.1511	0.1766	0.1709	0.143	0.1928	0.1649	0.11139078	0.04385492	-0.14824447
109.5	58.5	78.09542098120329	29.901194318726052	0.0824	0.0973	0.1114	0.127	0.1408	0.147	0.1511	0.1554	0.1709	0.143	0.1928	0.1649	0.100566536	0.10740956	-0.16491751
110.5	58.5	78.09551322089807	29.901194318726052	0.0824	0.1094	0.1268	0.1368	0.1357	0.1431	0.1507	0.1561	0.1514	0.143	0.1792	0.1619	0.06589279	0.06889349	-0.10357018
111.5	58.5	78.09560546059285	29.901194318726052	0.0824	0.1032	0.122	0.1314	0.1357	0.1431	0.1507	0.1726	0.1514	0.143	0.1792	0.1619	0.1355263	0.018760638	-0.17175831
112.5	58.5	78.09569770028763	29.901194318726052	0.0824	0.0868	0.1023	0.115	0.1357	0.14	0.1465	0.1526	0.1575	0.143	0.1769	0.1551	0.14050823	0.07374808	-0.1973323
113.5	58.5	78.0957899399824	29.901194318726052	0.0824	0.0841	0.099	0.106	0.1357	0.14	0.1465	0.1569	0.1575	0.143	0.1769	0.1551	0.19360976	0.059916105	-0.22626027
109.5	59.5	78.09542098120329	29.901102079031276	0.0824	0.0989	0.1136	0.1354	0.149	0.157	0.157	0.1682	0.1738	0.143	0.1946	0.1739	0.108036906	0.07276736	-0.19375443
110.5	59.5	78.09551322089807	29.901102079031276	0.0824	0.1178	0.1362	0.157	0.1459	0.1627	0.1594	0.187	0.1646	0.143	0.1884	0.1738	0.0872093	0.003729339	-0.15717825
111.5	59.5	78.09560546059285	29.901102079031276	0.0824	0.1188	0.1368	0.148	0.1459	0.1627	0.1594	0.1782	0.1646	0.143	0.1884	0.1738	0.09258125	0.027823223	-0.13142857
112.5	59.5	78.09569770028763	29.901102079031276	0.0824	0.0887	0.1058	0.1122	0.1324	0.1397	0.1443	0.1498	0.1621	0.143	0.1868	0.1623	0.14351146	0.10992276	-0.17214397
113.5	59.5	78.0957899399824	29.901102079031276	0.0824	0.086	0.0965	0.1116	0.1324	0.1397	0.1443	0.1526	0.1621	0.143	0.1868	0.1623	0.15518549	0.10076605	-0.22521077
111.5	60.5	78.09560546059285	29.9010098393365	0.0824	0.1158	0.1348	0.1382	0.1459	0.1627	0.1594	0.18	0.1646	0.143	0.1884	0.1738	0.13136394	0.022801284	-0.14358324
112.5	60.5	78.09569770028763	29.9010098393365	0.0824	0.0961	0.1132	0.126	0.1324	0.1397	0.1443	0.157	0.1621	0.143	0.1868	0.1623	0.10954064	0.0866783	-0.16210216
113.5	60.5	78.0957899399824	29.9010098393365	0.0824	0.1058	0.119	0.1282	0.1324	0.1397	0.1443	0.1588	0.1621	0.143	0.1868	0.1623	0.10662025	0.08101851	-0.14326854
113.5	61.5	78.0957899399824	29.900917599641723	0.0824	0.094	0.1086	0.12	0.1242	0.163	0.1715	0.1532	0.1899	0.143	0.1871	0.1521	0.12152271	0.099617966	-0.17035906
44.5	67.5	78.08942540104282	29.900364161473064	0.0859	0.0944	0.1146	0.1302	0.143	0.1546	0.1602	0.1728	0.1695	0.1894	0.1942	0.1585	0.14059408	0.058310598	-0.20250522
45.5	67.5	78.0895176407376	29.900364161473064	0.0859	0.1032	0.1232	0.1382	0.1577	0.1698	0.1769	0.1892	0.1955	0.1894	0.2028	0.1622	0.15577275	0.034693893	-0.2112676
46.5	67.5	78.08960988043238	29.900364161473064	0.0859	0.1108	0.1328	0.1544	0.1577	0.1698	0.1769	0.2128	0.1955	0.1894	0.2028	0.1622	0.15904136	-0.024061576	-0.23148148
47.5	67.5	78.08970212012716	29.900364161473064	0.0856	0.118	0.1418	0.1704	0.1852	0.1938	0.2168	0.2304	0.2271	0.1637	0.2537	0.2045	0.14970061	0.04813054	-0.23804405
48.5	67.5	78.08979435982192	29.900364161473064	0.0856	0.1154	0.1402	0.1694	0.1852	0.1938	0.2168	0.231	0.2271	0.1637	0.2537	0.2045	0.15384614	0.046833057	-0.24461207
49.5	67.5	78.0898865995167	29.900364161473064	0.0856	0.1164	0.1388	0.162	0.1573	0.176	0.1894	0.2189	0.2009	0.1637	0.2446	0.2037	0.14938302	0.055447686	-0.22393067
42.5	68.5	78.08924092165327	29.900271921778288	0.0859	0.1013	0.12	0.133	0.143	0.1546	0.1602	0.182	0.1695	0.1894	0.1942	0.1585	0.15555555	0.032429554	-0.20529802
43.5	68.5	78.08933316134805	29.900271921778288	0.0859	0.1013	0.12	0.133	0.143	0.1546	0.1602	0.182	0.1695	0.1894	0.1942	0.1585	0.15555555	0.032429554	-0.20529802
44.5	68.5	78.08942540104282	29.900271921778288	0.0859	0.0884	0.1088	0.1168	0.143	0.1546	0.1602	0.1535	0.1695	0.1894	0.1942	0.1585	0.13577507	0.1170549	-0.17041557
45.5	68.5	78.0895176407376	29.900271921778288	0.0859	0.0954	0.11	0.124	0.1577	0.1698	0.1769	0.16	0.1955	0.1894	0.2028	0.1622	0.12676056	0.11797136	-0.18518518
46.5	68.5	78.08960988043238	29.900271921778288	0.0859	0.1118	0.1288	0.1564	0.1577	0.1698	0.1769	0.2018	0.1955	0.1894	0.2028	0.1622	0.12674487	0.0024715818	-0.22081064
47.5	68.5	78.08970212012716	29.900271921778288	0.0856	0.1216	0.1412	0.1688	0.1852	0.1938	0.2168	0.2322	0.2271	0.1637	0.2537	0.2045	0.15810475	0.044247773	-0.24370645
48.5	68.5	78.08979435982192	29.900271921778288	0.0856	0.1154	0.1388	0.1666	0.1852	0.1938	0.2168	0.2254	0.2271	0.1637	0.2537	0.2045	0.14999999	0.059069064	-0.23778145
49.5	68.5	78.0898865995167	29.900271921778288	0.0856	0.109	0.1296	0.1464	0.1573	0.176	0.1894	0.2088	0.2009	0.1637	0.2446	0.2037	0.17567566	0.078958966	-0.23404254
50.5	68.5	78.08997883921148	29.900271921778288	0.0856	0.0963	0.1128	0.1274	0.1573	0.176	0.1894	0.1798	0.2009	0.1637	0.2446	0.2037	0.17057294	0.15268613	-0.22898154
51.5	68.5	78.09007107890626	29.900271921778288	0.0856	0.0949	0.1122	0.1198	0.1387	0.1559	0.1667	0.1793	0.1801	0.1637	0.2211	0.1948	0.1989301	0.10439562	-0.23018867
52.5	68.5	78.09016331860103	29.900271921778288	0.0856	0.0949	0.1122	0.1198	0.1387	0.1559	0.1667	0.1793	0.1801	0.1637	0.2211	0.1948	0.1989301	0.10439562	-0.23018867
53.5	68.5	78.09025555829581	29.900271921778288	0.0856	0.0959	0.1128	0.1242	0.1387	0.1559	0.1667	0.1722	0.1801	0.1637	0.2211	0.1948	0.1619433	0.12433259	-0.20842102
54.5	68.5	78.09034779799059	29.900271921778288	0.0839	0.0943	0.1094	0.128	0.1442	0.156	0.1659	0.1718	0.1794	0.1714	0.2212	0.1978	0.14609738	0.12569974	-0.22190614
41.5	69.5	78.08914868195849	29.90017968208351	0.0859	0.1144	0.135	0.1622	0.1663	0.1919	0.2066	0.2338	0.2314	0.1894	0.2634	0.2091	0.18080805	0.059533376	-0.26789585
42.5	69.5	78.08924092165327	29.90017968208351	0.0859	0.1028	0.1282	0.1386	0.1527	0.1754	0.1881	0.2026	0.193	0.1894	0.2115	0.168	0.18757325	0.021492397	-0.22490934
43.5	69.5	78.08933316134805	29.90017968208351	0.0859	0.0884	0.1096	0.1158	0.1527	0.1754	0.1881	0.1645	0.193	0.1894	0.2115	0.168	0.17374241	0.12500001	-0.20029186
44.5	69.5	78.08942540104282	29.90017968208351	0.0859	0.0884	0.1096	0.1158	0.1527	0.1754	0.1881	0.1645	0.193	0.1894	0.2115	0.168	0.17374241	0.12500001	-0.20029186
45.5	69.5	78.0895176407376	29.90017968208351	0.0859	0.0965	0.1136	0.1272	0.1473	0.1599	0.1713	0.1722	0.1802	0.1894	0.1774	0.1331	0.15030056	0.014874139	-0.20503847
46.5	69.5	78.08960988043238	29.90017968208351	0.0859	0.1092	0.1294	0.155	0.1473	0.1599	0.1713	0.2024	0.1802	0.1894	0.1774	0.1331	0.1326245	-0.065824136	-0.22001205
47.5	69.5	78.08970212012716	29.90017968208351	0.0856	0.1178	0.1362	0.1606	0.1668	0.1756	0.1861	0.2272	0.1957	0.1637	0.2219	0.1804	0.171738	-0.011801382	-0.2504128
48.5	69.5	78.08979435982192	29.90017968208351	0.0856	0.1128	0.1342	0.1614	0.1668	0.1756	0.1861	0.2134	0.1957	0.1637	0.2219	0.1804	0.13874066	0.019526752	-0.2278481
49.5	69.5	78.0898865995167	29.90017968208351	0.0856	0.1004	0.1214	0.1368	0.148	0.1581	0.1611	0.1844	0.1834	0.1637	0.2281	0.199	0.14819427	0.10593938	-0.20601703
50.5	69.5	78.08997883921148	29.90017968208351	0.0856	0.0921	0.1078	0.1194	0.148	0.1581	0.1611	0.1724	0.1834	0.1637	0.2281	0.199	0.18163124	0.13907616	-0.2305496
51.5	69.5	78.09007107890626	29.90017968208351	0.0856	0.0902	0.1048	0.1158	0.1323	0.1419	0.1492	0.1698	0.1591	0.1637	0.2084	0.1889	0.18907562	0.1020624	-0.23670793
52.5	69.5	78.09016331860103	29.90017968208351	0.0856	0.0883	0.1048	0.1148	0.1323	0.1419	0.1492	0.1606	0.1591	0.1637	0.2084	0.1889	0.16630359	0.12953927	-0.2102487
53.5	69.5	78.09025555829581	29.90017968208351	0.0856	0.0883	0.1048	0.1148	0.1323	0.1419	0.1492	0.1606	0.1591	0.1637	0.2084	0.1889	0.16630359	0.12953927	-0.2102487
54.5	69.5	78.09034779799059	29.90017968208351	0.0839	0.0984	0.1078	0.1174	0.1325	0.1428	0.1498	0.1598	0.1565	0.1714	0.2093	0.1868	0.15295814	0.13411	-0.19431986
55.5	69.5	78.09044003768537	29.90017968208351	0.0839	0.097	0.1126	0.1238	0.1325	0.1428	0.1498	0.1648	0.1565	0.1714	0.2093	0.1868	0.14206514	0.11895213	-0.18817593
56.5	69.5	78.09053227738013	29.90017968208351	0.0839	0.0948	0.1124	0.1262	0.1384	0.1534	0.1632	0.173	0.1669	0.1714	0.216	0.1884	0.15641707	0.110539876	-0.21233353
57.5	69.5	78.09062451707491	29.90017968208351	0.0839	0.0946	0.1132	0.129	0.1384	0.1534	0.1632	0.1694	0.1669	0.1714	0.216	0.1884	0.13538879	0.120913334	-0.19886766
58.5	69.5	78.0907167567697	29.90017968208351	0.0839	0.1002	0.1182	0.1354	0.1499	0.1631	0.1711	0.1788	0.1824	0.1714	0.2305	0.1987	0.1381286	0.12631321	-0.20404042
59.5	69.5	78.09080899646447	29.90017968208351	0.0839	0.1028	0.1228	0.1356	0.1523	0.1647	0.1755	0.1916	0.1914	0.1714	0.237	0.2022	0.17114913	0.10592629	-0.2188295
40.5	70.5	78.08905644226371	29.900087442388735	0.0859	0.0974	0.113	0.133	0.1663	0.1919	0.2066	0.2132	0.2314	0.1894	0.2634	0.2091	0.231658	0.10532939	-0.30717352
41.5	70.5	78.08914868195849	29.900087442388735	0.0859	0.11	0.1318	0.1528	0.1663	0.1919	0.2066	0.2392	0.2314	0.1894	0.2634	0.2091	0.22040817	0.048149608	-0.28948787
42.5	70.5	78.08924092165327	29.900087442388735	0.0859	0.1072	0.1328	0.1464	0.1527	0.1754	0.1881	0.2286	0.193	0.1894	0.2115	0.168	0.21919997	-0.038854785	-0.26508024
43.5	70.5	78.08933316134805	29.900087442388735	0.0859	0.0965	0.1154	0.1286	0.1527	0.1754	0.1881	0.2014	0.193	0.1894	0.2115	0.168	0.22060604	0.024461146	-0.27146465
44.5	70.5	78.08942540104282	29.900087442388735	0.0859	0.0965	0.1154	0.1286	0.1527	0.1754	0.1881	0.2014	0.193	0.1894	0.2115	0.168	0.22060604	0.024461146	-0.27146465
45.5	70.5	78.0895176407376	29.900087442388735	0.0859	0.0929	0.109	0.1224	0.1473	0.1599	0.1713	0.171	0.1802	0.1894	0.1774	0.1331	0.16564418	0.01836966	-0.22142859
46.5	70.5	78.08960988043238	29.900087442388735	0.0859	0.0938	0.1144	0.1332	0.1473	0.1599	0.1713	0.1578	0.1802	0.1894	0.1774	0.1331	0.084536076	0.05847252	-0.1594416
47.5	70.5	78.08970212012716	29.900087442388735	0.0856	0.1044	0.124	0.1412	0.1668	0.1756	0.1861	0.1844	0.1957	0.1637	0.2219	0.1804	0.13267814	0.09229632	-0.19584957
48.5	70.5	78.08979435982192	29.900087442388735	0.0856	0.1034	0.125	0.1434	0.1668	0.1756	0.1861	0.1924	0.1957	0.1637	0.2219	0.1804	0.14592017	0.07120446	-0.21235032
49.5	70.5	78.0898865995167	29.900087442388735	0.0856	0.099	0.1152	0.1334	0.148	0.1581	0.1611	0.1796	0.1834	0.1637	0.2281	0.199	0.14760385	0.11896002	-0.2184532
50.5	70.5	78.08997883921148	29.900087442388735	0.0856	0.0976	0.1174	0.1362	0.148	0.1581	0.1611	0.1717	0.1834	0.1637	0.2281	0.199	0.11529719	0.14107053	-0.1878243
51.5	70.5	78.09007107890626	29.900087442388735	0.0856	0.0946	0.1124	0.1234	0.1323	0.1419	0.1492	0.1602	0.1591	0.1637	0.2084	0.1889	0.12976022	0.13076505	-0.17534849
52.5	70.5	78.09016331860103	29.900087442388735	0.0856	0.0923	0.105	0.1158	0.1323	0.1419	0.1492	0.1493	0.1591	0.1637	0.2084	0.1889	0.12636739	0.16522226	-0.1742037
53.5	70.5	78.09025555829581	29.900087442388735	0.0856	0.0923	0.105	0.1158	0.1323	0.1419	0.1492	0.1493	0.1591	0.1637	0.2084	0.1889	0.12636739	0.16522226	-0.1742037
54.5	70.5	78.09034779799059	29.900087442388735	0.0839	0.0927	0.1054	0.1166	0.1325	0.1428	0.1498	0.1521	0.1565	0.1714	0.2093	0.1868	0.1321176	0.15827338	-0.1813592
55.5	70.5	78.09044003768537	29.900087442388735	0.0839	0.0956	0.1124	0.1214	0.1325	0.1428	0.1498	0.1614	0.1565	0.1714	0.2093	0.1868	0.14144273	0.12921497	-0.17896275
56.5	70.5	78.09053227738013	29.900087442388735	0.0839	0.0939	0.1102	0.12	0.1384	0.1534	0.1632	0.17	0.1669	0.1714	0.216	0.1884	0.17241381	0.11917099	-0.21341898
57.5	70.5	78.09062451707491	29.900087442388735	0.0839	0.0966	0.112	0.1242	0.1384	0.1534	0.1632	0.1724	0.1669	0.1714	0.216	0.1884	0.16250841	0.112255424	-0.21237691
58.5	70.5	78.0907167567697	29.900087442388735	0.0839	0.1002	0.1216	0.1356	0.1499	0.1631	0.1711	0.1769	0.1824	0.1714	0.2305	0.1987	0.13216	0.13156603	-0.18525963
40.5	71.5	78.08905644226371	29.899995202693958	0.0859	0.0936	0.1086	0.1208	0.151	0.1768	0.1945	0.21	0.2078	0.1894	0.2458	0.1935	0.2696493	0.078543246	-0.3182674
41.5	71.5	78.08914868195849	29.899995202693958	0.0859	0.1009	0.1224	0.134	0.151	0.1768	0.1945	0.2326	0.2078	0.1894	0.2458	0.1935	0.268958	0.027591974	-0.31042254
42.5	71.5	78.08924092165327	29.899995202693958	0.0859	0.11	0.1316	0.1492	0.1555	0.1875	0.1935	0.2374	0.2221	0.1894	0.2371	0.1885	0.22814275	-6.322238E-4	-0.28672084
43.5	71.5	78.08933316134805	29.899995202693958	0.0859	0.1009	0.1244	0.1396	0.1555	0.1875	0.1935	0.227	0.2221	0.1894	0.2371	0.1885	0.238407	0.021762567	-0.29197496
44.5	71.5	78.08942540104282	29.899995202693958	0.0859	0.1009	0.1244	0.1396	0.1555	0.1875	0.1935	0.227	0.2221	0.1894	0.2371	0.1885	0.238407	0.021762567	-0.29197496
45.5	71.5	78.0895176407376	29.899995202693958	0.0859	0.0976	0.1166	0.1278	0.1493	0.1698	0.1796	0.203	0.1943	0.1894	0.2041	0.1673	0.22732766	0.002702048	-0.2703379
46.5	71.5	78.08960988043238	29.899995202693958	0.0859	0.0921	0.111	0.1272	0.1493	0.1698	0.1796	0.167	0.1943	0.1894	0.2041	0.1673	0.13528208	0.09997306	-0.20143883
47.5	71.5	78.08970212012716	29.899995202693958	0.0856	0.1036	0.1154	0.1306	0.1483	0.1614	0.1719	0.1738	0.1903	0.1637	0.2201	0.1888	0.14191853	0.117542505	-0.2019364
48.5	71.5	78.08979435982192	29.899995202693958	0.0856	0.099	0.1172	0.1296	0.1483	0.1614	0.1719	0.177	0.1903	0.1637	0.2201	0.1888	0.15459882	0.10853689	-0.20326307
49.5	71.5	78.0898865995167	29.899995202693958	0.0856	0.1026	0.1258	0.1356	0.145	0.1532	0.1677	0.1844	0.1791	0.1637	0.2305	0.2107	0.15250002	0.11111109	-0.18891041
50.5	71.5	78.08997883921148	29.899995202693958	0.0856	0.101	0.1272	0.1464	0.145	0.1532	0.1677	0.1936	0.1791	0.1637	0.2305	0.2107	0.13882351	0.087007776	-0.20698251
51.5	71.5	78.09007107890626	29.899995202693958	0.0856	0.096	0.1154	0.1252	0.133	0.1428	0.1527	0.1672	0.1613	0.1637	0.2106	0.196	0.14363883	0.11487561	-0.18329793
52.5	71.5	78.09016331860103	29.899995202693958	0.0856	0.094	0.1058	0.1152	0.133	0.1428	0.1527	0.1503	0.1613	0.1637	0.2106	0.196	0.13220339	0.16708231	-0.17376022
53.5	71.5	78.09025555829581	29.899995202693958	0.0856	0.094	0.1058	0.1152	0.133	0.1428	0.1527	0.1503	0.1613	0.1637	0.2106	0.196	0.13220339	0.16708231	-0.17376022
54.5	71.5	78.09034779799059	29.899995202693958	0.0839	0.0954	0.1082	0.1182	0.1278	0.1359	0.1419	0.1485	0.1569	0.1714	0.2034	0.1842	0.1136108	0.15601024	-0.15699258
55.5	71.5	78.09044003768537	29.899995202693958	0.0839	0.0949	0.1132	0.123	0.1278	0.1359	0.1419	0.161	0.1569	0.1714	0.2034	0.1842	0.1338028	0.11635566	-0.1743253
56.5	71.5	78.09053227738013	29.899995202693958	0.0839	0.0946	0.1124	0.1216	0.1382	0.1507	0.1573	0.1614	0.1684	0.1714	0.2131	0.1866	0.14063606	0.13805072	-0.17896275
57.5	71.5	78.09062451707491	29.899995202693958	0.0839	0.096	0.113	0.1248	0.1382	0.1507	0.1573	0.1666	0.1684	0.1714	0.2131	0.1866	0.14344546	0.1224651	-0.19170246
58.5	71.5	78.0907167567697	29.899995202693958	0.0839	0.1026	0.1206	0.1328	0.143	0.1636	0.1726	0.1729	0.1837	0.1714	0.2297	0.2013	0.13117439	0.14108294	-0.17819422
41.5	72.5	78.08914868195849	29.89990296299918	0.0859	0.0898	0.1124	0.1226	0.151	0.1768	0.1945	0.2202	0.2078	0.1894	0.2458	0.1935	0.28471413	0.054935623	-0.32411304
42.5	72.5	78.08924092165327	29.89990296299918	0.0859	0.0976	0.1182	0.1306	0.1555	0.1875	0.1935	0.216	0.2221	0.1894	0.2371	0.1885	0.24639353	0.046568085	-0.29263917
43.5	72.5	78.08933316134805	29.89990296299918	0.0859	0.0945	0.1196	0.1234	0.1555	0.1875	0.1935	0.2054	0.2221	0.1894	0.2371	0.1885	0.24939173	0.07163842	-0.26400003
44.5	72.5	78.08942540104282	29.89990296299918	0.0859	0.0945	0.1196	0.1234	0.1555	0.1875	0.1935	0.2054	0.2221	0.1894	0.2371	0.1885	0.24939173	0.07163842	-0.26400003
45.5	72.5	78.0895176407376	29.89990296299918	0.0859	0.0932	0.1152	0.1266	0.1493	0.1698	0.1796	0.1888	0.1943	0.1894	0.2041	0.1673	0.19720992	0.038941182	-0.24210529
46.5	72.5	78.08960988043238	29.89990296299918	0.0859	0.1002	0.12	0.14	0.1493	0.1698	0.1796	0.2029	0.1943	0.1894	0.2041	0.1673	0.18343543	0.0029483796	-0.25673586
47.5	72.5	78.08970212012716	29.89990296299918	0.0856	0.11	0.124	0.1438	0.1483	0.1614	0.1719	0.2042	0.1903	0.1637	0.2201	0.1888	0.1735632	0.03747349	-0.2443632
48.5	72.5	78.08979435982192	29.89990296299918	0.0856	0.0973	0.1174	0.132	0.1483	0.1614	0.1719	0.1778	0.1903	0.1637	0.2201	0.1888	0.14783731	0.10630812	-0.20460705
49.5	72.5	78.0898865995167	29.89990296299918	0.0856	0.0958	0.1102	0.1254	0.145	0.1532	0.1677	0.157	0.1791	0.1637	0.2305	0.2107	0.111898005	0.1896774	-0.17514971
50.5	72.5	78.08997883921148	29.89990296299918	0.0856	0.0966	0.1192	0.1328	0.145	0.1532	0.1677	0.1724	0.1791	0.1637	0.2305	0.2107	0.12975098	0.14420451	-0.1824417
51.5	72.5	78.09007107890626	29.89990296299918	0.0856	0.091	0.1116	0.1228	0.133	0.1428	0.1527	0.1624	0.1613	0.1637	0.2106	0.196	0.13884996	0.12922251	-0.1854015
52.5	72.5	78.09016331860103	29.89990296299918	0.0856	0.091	0.1068	0.1132	0.133	0.1428	0.1527	0.1527	0.1613	0.1637	0.2106	0.196	0.1485521	0.1593724	-0.17687865
53.5	72.5	78.09025555829581	29.89990296299918	0.0856	0.091	0.1068	0.1132	0.133	0.1428	0.1527	0.1527	0.1613	0.1637	0.2106	0.196	0.1485521	0.1593724	-0.17687865
54.5	72.5	78.09034779799059	29.89990296299918	0.0839	0.094	0.1086	0.1188	0.1278	0.1359	0.1419	0.1565	0.1569	0.1714	0.2034	0.1842	0.13694151	0.13031399	-0.18068653
55.5	72.5	78.09044003768537	29.89990296299918	0.0839	0.0952	0.1156	0.126	0.1278	0.1359	0.1419	0.165	0.1569	0.1714	0.2034	0.1842	0.13402063	0.10423451	-0.17605135
56.5	72.5	78.09053227738013	29.89990296299918	0.0839	0.0962	0.1132	0.1244	0.1382	0.1507	0.1573	0.1663	0.1684	0.1714	0.2131	0.1866	0.14413485	0.12335267	-0.1899821
57.5	72.5	78.09062451707491	29.89990296299918	0.0839	0.0927	0.111	0.1244	0.1382	0.1507	0.1573	0.1696	0.1684	0.1714	0.2131	0.1866	0.1537415	0.11366607	-0.20883818
58.5	72.5	78.0907167567697	29.89990296299918	0.0839	0.0999	0.1182	0.1282	0.143	0.1636	0.1726	0.1756	0.1837	0.1714	0.2297	0.2013	0.15602374	0.13348135	-0.19537103
42.5	73.5	78.08924092165327	29.899810723304405	0.0804	0.0932	0.1132	0.1196	0.1421	0.1604	0.1725	0.1858	0.1866	0.1938	0.233	0.1919	0.21676491	0.11270295	-0.24280936
43.5	73.5	78.08933316134805	29.899810723304405	0.0804	0.0965	0.1152	0.1244	0.1421	0.1604	0.1725	0.1902	0.1866	0.1938	0.233	0.1919	0.2091545	0.1011342	-0.24557959
44.5	73.5	78.08942540104282	29.899810723304405	0.0804	0.1021	0.1208	0.1352	0.1591	0.1823	0.1968	0.194	0.2043	0.1938	0.2426	0.1998	0.17861485	0.11131468	-0.2325286
45.5	73.5	78.0895176407376	29.899810723304405	0.0804	0.1021	0.1208	0.1352	0.1591	0.1823	0.1968	0.194	0.2043	0.1938	0.2426	0.1998	0.17861485	0.11131468	-0.2325286
46.5	73.5	78.08960988043238	29.899810723304405	0.0804	0.104	0.1294	0.1484	0.1591	0.1823	0.1968	0.2149	0.2043	0.1938	0.2426	0.1998	0.18304434	0.06054643	-0.24832995
47.5	73.5	78.08970212012716	29.899810723304405	0.0844	0.1108	0.1342	0.1564	0.1562	0.1779	0.1913	0.222	0.2084	0.1831	0.241	0.2021	0.17336154	0.041036703	-0.24649072
48.5	73.5	78.08979435982192	29.899810723304405	0.0844	0.1106	0.1318	0.1426	0.1562	0.1779	0.1913	0.2008	0.2084	0.1831	0.241	0.2021	0.16948166	0.090991385	-0.20745642
49.5	73.5	78.0898865995167	29.899810723304405	0.0844	0.0946	0.1124	0.1262	0.138	0.1535	0.167	0.1837	0.1772	0.1831	0.2247	0.2016	0.18554369	0.1003918	-0.240797
50.5	73.5	78.08997883921148	29.899810723304405	0.0844	0.0967	0.1154	0.1272	0.138	0.1535	0.167	0.1902	0.1772	0.1831	0.2247	0.2016	0.19848768	0.08315257	-0.24476439
51.5	73.5	78.09007107890626	29.899810723304405	0.0844	0.0968	0.1162	0.1328	0.1445	0.1531	0.1662	0.1786	0.1743	0.1831	0.2263	0.2072	0.14707771	0.117806874	-0.21166892
52.5	73.5	78.09016331860103	29.899810723304405	0.0844	0.0974	0.117	0.1266	0.1445	0.1531	0.1662	0.1694	0.1743	0.1831	0.2263	0.2072	0.14459462	0.14379579	-0.18296091
53.5	73.5	78.09025555829581	29.899810723304405	0.0869	0.0946	0.113	0.1236	0.1392	0.1487	0.1595	0.1564	0.1671	0.1969	0.2158	0.2003	0.11714285	0.15959165	-0.16109873
54.5	73.5	78.09034779799059	29.899810723304405	0.0869	0.0946	0.113	0.1236	0.1392	0.1487	0.1595	0.1564	0.1671	0.1969	0.2158	0.2003	0.11714285	0.15959165	-0.16109873
55.5	73.5	78.09044003768537	29.899810723304405	0.0869	0.0997	0.1146	0.1264	0.1392	0.1487	0.1595	0.1602	0.1671	0.1969	0.2158	0.2003	0.11793443	0.14787234	-0.16593885
56.5	73.5	78.09053227738013	29.899810723304405	0.0869	0.0987	0.1118	0.1256	0.1468	0.1578	0.1659	0.1692	0.1729	0.1969	0.2247	0.1995	0.1478969	0.1408987	-0.20427047
57.5	73.5	78.09062451707491	29.899810723304405	0.0869	0.0946	0.1148	0.1322	0.1468	0.1578	0.1659	0.1766	0.1729	0.1969	0.2247	0.1995	0.14378236	0.11986048	-0.2120796
58.5	73.5	78.0907167567697	29.899810723304405	0.0869	0.1006	0.1228	0.14	0.1571	0.1708	0.1823	0.1942	0.2014	0.1969	0.2456	0.2127	0.16217832	0.11687132	-0.22523658
43.5	74.5	78.08933316134805	29.89971848360963	0.0804	0.1021	0.1184	0.134	0.1421	0.1604	0.1725	0.1961	0.1866	0.1938	0.233	0.1919	0.18812479	0.08599394	-0.24705881
44.5	74.5	78.08942540104282	29.89971848360963	0.0804	0.1048	0.1244	0.1406	0.1591	0.1823	0.1968	0.2107	0.2043	0.1938	0.2426	0.1998	0.19954458	0.0703728	-0.2575351
45.5	74.5	78.0895176407376	29.89971848360963	0.0804	0.1048	0.1244	0.1406	0.1591	0.1823	0.1968	0.2107	0.2043	0.1938	0.2426	0.1998	0.19954458	0.0703728	-0.2575351
46.5	74.5	78.08960988043238	29.89971848360963	0.0804	0.1013	0.1258	0.1372	0.1591	0.1823	0.1968	0.2246	0.2043	0.1938	0.2426	0.1998	0.24156994	0.03852738	-0.28196347
47.5	74.5	78.08970212012716	29.89971848360963	0.0844	0.0975	0.119	0.132	0.1562	0.1779	0.1913	0.2148	0.2084	0.1831	0.241	0.2021	0.23875433	0.057481345	-0.28699818
48.5	74.5	78.08979435982192	29.89971848360963	0.0844	0.0982	0.1124	0.1278	0.1562	0.1779	0.1913	0.1981	0.2084	0.1831	0.241	0.2021	0.21571033	0.097699836	-0.27600643
49.5	74.5	78.0898865995167	29.89971848360963	0.0844	0.0958	0.111	0.1208	0.138	0.1535	0.167	0.1735	0.1772	0.1831	0.2247	0.2016	0.17906897	0.1285786	-0.21968365
50.5	74.5	78.08997883921148	29.89971848360963	0.0844	0.091	0.1096	0.1226	0.138	0.1535	0.167	0.1669	0.1772	0.1831	0.2247	0.2016	0.15302245	0.14759962	-0.20723325
51.5	74.5	78.09007107890626	29.89971848360963	0.0844	0.0997	0.1204	0.1382	0.1445	0.1531	0.1662	0.1852	0.1743	0.1831	0.2263	0.2072	0.14533088	0.09987848	-0.21204191
52.5	74.5	78.09016331860103	29.89971848360963	0.0844	0.108	0.1264	0.1428	0.1445	0.1531	0.1662	0.1914	0.1743	0.1831	0.2263	0.2072	0.1454219	0.08355278	-0.2045312
53.5	74.5	78.09025555829581	29.89971848360963	0.0869	0.0982	0.1118	0.1282	0.1392	0.1487	0.1595	0.1656	0.1671	0.1969	0.2158	0.2003	0.1272975	0.13162035	-0.19394377
54.5	74.5	78.09034779799059	29.89971848360963	0.0869	0.0982	0.1118	0.1282	0.1392	0.1487	0.1595	0.1656	0.1671	0.1969	0.2158	0.2003	0.1272975	0.13162035	-0.19394377
55.5	74.5	78.09044003768537	29.89971848360963	0.0869	0.1004	0.1144	0.1282	0.1392	0.1487	0.1595	0.162	0.1671	0.1969	0.2158	0.2003	0.116471425	0.1424034	-0.17221418
56.5	74.5	78.09053227738013	29.89971848360963	0.0869	0.103	0.1172	0.1332	0.1468	0.1578	0.1659	0.171	0.1729	0.1969	0.2247	0.1995	0.12426035	0.13570887	-0.18667592
57.5	74.5	78.09062451707491	29.89971848360963	0.0869	0.1054	0.1312	0.1416	0.1468	0.1578	0.1659	0.1858	0.1729	0.1969	0.2247	0.1995	0.13500306	0.09476249	-0.17223975
45.5	75.5	78.0895176407376	29.899626243914852	0.0804	0.0949	0.1154	0.1284	0.1438	0.1618	0.1783	0.1844	0.1902	0.1938	0.2338	0.1953	0.17902815	0.11812527	-0.23015344
46.5	75.5	78.08960988043238	29.899626243914852	0.0804	0.0921	0.1116	0.1218	0.1438	0.1618	0.1783	0.2028	0.1902	0.1938	0.2338	0.1953	0.24953791	0.071003176	-0.29007638
47.5	75.5	78.08970212012716	29.899626243914852	0.0844	0.091	0.108	0.1168	0.1403	0.1618	0.1746	0.2014	0.1896	0.1831	0.2286	0.1913	0.2658705	0.06325581	-0.30187458
48.5	75.5	78.08979435982192	29.899626243914852	0.0844	0.0919	0.1094	0.1188	0.1403	0.1618	0.1746	0.187	0.1896	0.1831	0.2286	0.1913	0.2230216	0.10009622	-0.2618084
49.5	75.5	78.0898865995167	29.899626243914852	0.0844	0.0927	0.1084	0.1178	0.1299	0.1418	0.1539	0.1708	0.1648	0.1831	0.2158	0.2003	0.18364519	0.116399385	-0.22349569
50.5	75.5	78.08997883921148	29.899626243914852	0.0844	0.0946	0.112	0.1256	0.1299	0.1418	0.1539	0.1602	0.1648	0.1831	0.2158	0.2003	0.1210637	0.14787234	-0.17707567
51.5	75.5	78.09007107890626	29.899626243914852	0.0844	0.107	0.121	0.1344	0.1467	0.1575	0.1577	0.173	0.1738	0.1831	0.2303	0.2174	0.12556928	0.14207786	-0.17687073
52.5	75.5	78.09016331860103	29.899626243914852	0.0844	0.108	0.1316	0.1476	0.1467	0.1575	0.1577	0.187	0.1738	0.1831	0.2303	0.2174	0.117752574	0.103762254	-0.17388573
53.5	75.5	78.09025555829581	29.899626243914852	0.0869	0.1042	0.1258	0.141	0.1565	0.1737	0.1707	0.1866	0.1875	0.1969	0.2415	0.2243	0.13919413	0.12824108	-0.19462228
54.5	75.5	78.09034779799059	29.899626243914852	0.0869	0.1042	0.1258	0.141	0.1565	0.1737	0.1707	0.1866	0.1875	0.1969	0.2415	0.2243	0.13919413	0.12824108	-0.19462228
55.5	75.5	78.09044003768537	29.899626243914852	0.0869	0.1078	0.1304	0.1454	0.1565	0.1737	0.1707	0.1844	0.1875	0.1969	0.2415	0.2243	0.1182535	0.13406903	-0.17153749
56.5	75.5	78.09053227738013	29.899626243914852	0.0869	0.103	0.1254	0.1442	0.1643	0.1799	0.1886	0.1872	0.2005	0.1969	0.2542	0.2241	0.12975256	0.1517898	-0.1976967
57.5	75.5	78.09062451707491	29.899626243914852	0.0869	0.1042	0.1278	0.1472	0.1643	0.1799	0.1886	0.1942	0.2005	0.1969	0.2542	0.2241	0.1376684	0.13380913	-0.20621115
46.5	76.5	78.08960988043238	29.899534004220076	0.0804	0.091	0.113	0.1262	0.1438	0.1618	0.1783	0.1912	0.1902	0.1938	0.2338	0.1953	0.2047889	0.100235276	-0.25706774
47.5	76.5	78.08970212012716	29.899534004220076	0.0844	0.0952	0.1116	0.12	0.1403	0.1618	0.1746	0.1984	0.1896	0.1831	0.2286	0.1913	0.24623118	0.07072597	-0.28000003
48.5	76.5	78.08979435982192	29.899534004220076	0.0844	0.0898	0.1076	0.115	0.1403	0.1618	0.1746	0.1709	0.1896	0.1831	0.2286	0.1913	0.1955229	0.14443052	-0.22728904
49.5	76.5	78.0898865995167	29.899534004220076	0.0844	0.0902	0.108	0.1208	0.1299	0.1418	0.1539	0.1628	0.1648	0.1831	0.2158	0.2003	0.14809589	0.13998944	-0.20236336
50.5	76.5	78.08997883921148	29.899534004220076	0.0844	0.096	0.1132	0.1264	0.1299	0.1418	0.1539	0.1579	0.1648	0.1831	0.2158	0.2003	0.11079849	0.1549371	-0.16488382
51.5	76.5	78.09007107890626	29.899534004220076	0.0844	0.0982	0.1146	0.1266	0.1467	0.1575	0.1577	0.1598	0.1738	0.1831	0.2303	0.2174	0.11592178	0.1807229	-0.164723
52.5	76.5	78.09016331860103	29.899534004220076	0.0844	0.0995	0.1178	0.1326	0.1467	0.1575	0.1577	0.1659	0.1738	0.1831	0.2303	0.2174	0.11155783	0.16254413	-0.16954532
53.5	76.5	78.09025555829581	29.899534004220076	0.0869	0.1068	0.1236	0.1442	0.1565	0.1737	0.1707	0.1844	0.1875	0.1969	0.2415	0.2243	0.122337215	0.13406903	-0.19740263
54.5	76.5	78.09034779799059	29.899534004220076	0.0869	0.1068	0.1236	0.1442	0.1565	0.1737	0.1707	0.1844	0.1875	0.1969	0.2415	0.2243	0.122337215	0.13406903	-0.19740263
55.5	76.5	78.09044003768537	29.899534004220076	0.0869	0.1176	0.1384	0.1582	0.1565	0.1737	0.1707	0.2012	0.1875	0.1969	0.2415	0.2243	0.119643845	0.091032326	-0.18492341
56.5	76.5	78.09053227738013	29.899534004220076	0.0869	0.1176	0.1404	0.161	0.1643	0.1799	0.1886	0.2117	0.2005	0.1969	0.2542	0.2241	0.13603437	0.091221295	-0.20249929
57.5	76.5	78.09062451707491	29.899534004220076	0.0869	0.1068	0.133	0.1522	0.1643	0.1799	0.1886	0.2104	0.2005	0.1969	0.2542	0.2241	0.16050746	0.09427467	-0.22539312
47.5	77.5	78.08970212012716	29.8994417645253	0.0844	0.0952	0.1156	0.126	0.1463	0.161	0.1765	0.1864	0.1836	0.1831	0.2407	0.2024	0.19334185	0.12713653	-0.2344371
48.5	77.5	78.08979435982192	29.8994417645253	0.0844	0.0921	0.1068	0.1182	0.1463	0.161	0.1765	0.1656	0.1836	0.1831	0.2407	0.2024	0.16701904	0.1848388	-0.21585904
49.5	77.5	78.0898865995167	29.8994417645253	0.0844	0.0904	0.107	0.1188	0.1442	0.1581	0.1624	0.1586	0.1776	0.1831	0.2335	0.2117	0.14347513	0.1910227	-0.19427711
50.5	77.5	78.08997883921148	29.8994417645253	0.0844	0.0879	0.1062	0.1192	0.1442	0.1581	0.1624	0.1554	0.1776	0.1831	0.2335	0.2117	0.1318281	0.20082286	-0.18807337
51.5	77.5	78.09007107890626	29.8994417645253	0.0844	0.098	0.115	0.1276	0.1427	0.1554	0.165	0.1602	0.1797	0.1831	0.24	0.2158	0.11327311	0.19940029	-0.16424417
52.5	77.5	78.09016331860103	29.8994417645253	0.0844	0.0996	0.119	0.1344	0.1427	0.1554	0.165	0.1792	0.1797	0.1831	0.24	0.2158	0.14285715	0.14503817	-0.2018779
53.5	77.5	78.09025555829581	29.8994417645253	0.0869	0.1023	0.1192	0.1378	0.1575	0.1692	0.1812	0.1898	0.1926	0.1969	0.2522	0.2212	0.15873016	0.1411765	-0.22847895
54.5	77.5	78.09034779799059	29.8994417645253	0.0869	0.1052	0.1276	0.1444	0.1575	0.1692	0.1812	0.1935	0.1926	0.1969	0.2522	0.2212	0.14530925	0.13170296	-0.20523201
55.5	77.5	78.09044003768537	29.8994417645253	0.0869	0.1052	0.1276	0.1444	0.1575	0.1692	0.1812	0.1935	0.1926	0.1969	0.2522	0.2212	0.14530925	0.13170296	-0.20523201
56.5	77.5	78.09053227738013	29.8994417645253	0.0869	0.1094	0.1372	0.1626	0.1707	0.1855	0.1996	0.2222	0.2078	0.1969	0.2663	0.231	0.15488568	0.09027633	-0.2365053
57.5	77.5	78.09062451707491	29.8994417645253	0.0869	0.1094	0.1356	0.1584	0.1707	0.1855	0.1996	0.2131	0.2078	0.1969	0.2663	0.231	0.14724092	0.11097203	-0.22225408
48.5	78.5	78.08979435982192	29.899349524830523	0.0844	0.0997	0.1132	0.1306	0.1463	0.161	0.1765	0.1922	0.1836	0.1831	0.2407	0.2024	0.19083023	0.11203511	-0.25867715
49.5	78.5	78.0898865995167	29.899349524830523	0.0844	0.0996	0.1152	0.1316	0.1442	0.1581	0.1624	0.1848	0.1776	0.1831	0.2335	0.2117	0.16814156	0.11642363	-0.23200001
50.5	78.5	78.08997883921148	29.899349524830523	0.0844	0.0995	0.1178	0.1356	0.1442	0.1581	0.1624	0.1816	0.1776	0.1831	0.2335	0.2117	0.14501892	0.12503012	-0.21309288
51.5	78.5	78.09007107890626	29.899349524830523	0.0844	0.1	0.1212	0.1344	0.1427	0.1554	0.165	0.18	0.1797	0.1831	0.24	0.2158	0.1450382	0.14285712	-0.19521913
52.5	78.5	78.09016331860103	29.899349524830523	0.0844	0.1004	0.1232	0.1376	0.1427	0.1554	0.165	0.1901	0.1797	0.1831	0.24	0.2158	0.1602075	0.116019525	-0.21353336
53.5	78.5	78.09025555829581	29.899349524830523	0.0869	0.1028	0.1234	0.1376	0.1575	0.1692	0.1812	0.1972	0.1926	0.1969	0.2522	0.2212	0.1780167	0.12238542	-0.23019338
54.5	78.5	78.09034779799059	29.899349524830523	0.0869	0.0986	0.1176	0.1356	0.1575	0.1692	0.1812	0.1945	0.1926	0.1969	0.2522	0.2212	0.17843078	0.12916948	-0.24639538
55.5	78.5	78.09044003768537	29.899349524830523	0.0869	0.0986	0.1176	0.1356	0.1575	0.1692	0.1812	0.1945	0.1926	0.1969	0.2522	0.2212	0.17843078	0.12916948	-0.24639538
56.5	78.5	78.09053227738013	29.899349524830523	0.0869	0.1022	0.1226	0.1396	0.1707	0.1855	0.1996	0.2076	0.2078	0.1969	0.2663	0.231	0.19585255	0.12386579	-0.25741976
57.5	78.5	78.09062451707491	29.899349524830523	0.0869	0.109	0.1322	0.1548	0.1707	0.1855	0.1996	0.2138	0.2078	0.1969	0.2663	0.231	0.16006511	0.10935221	-0.23583813
49.5	79.5	78.0898865995167	29.899257285135747	0.0803	0.1086	0.1236	0.1486	0.1554	0.1731	0.183	0.2116	0.2091	0.2125	0.2531	0.2161	0.17490286	0.08930493	-0.26252985
50.5	79.5	78.08997883921148	29.899257285135747	0.0803	0.1098	0.129	0.1472	0.1554	0.1731	0.183	0.2046	0.2091	0.2125	0.2531	0.2161	0.16316089	0.10596461	-0.22661875
51.5	79.5	78.09007107890626	29.899257285135747	0.0803	0.1036	0.1242	0.135	0.153	0.167	0.1805	0.1898	0.1904	0.2125	0.2472	0.2067	0.16871917	0.13135013	-0.20891717
52.5	79.5	78.09016331860103	29.899257285135747	0.0803	0.1028	0.1228	0.1402	0.153	0.167	0.1805	0.1884	0.1904	0.2125	0.2472	0.2067	0.14668289	0.13498622	-0.21079692
53.5	79.5	78.09025555829581	29.899257285135747	0.0874	0.1032	0.1258	0.14	0.1521	0.1755	0.1804	0.2034	0.1958	0.1988	0.2399	0.2037	0.18462434	0.082337	-0.23572297
54.5	79.5	78.09034779799059	29.899257285135747	0.0874	0.1019	0.1224	0.1332	0.1521	0.1755	0.1804	0.2062	0.1958	0.1988	0.2399	0.2037	0.21508543	0.075543575	-0.2550213
55.5	79.5	78.09044003768537	29.899257285135747	0.0874	0.1019	0.1224	0.1332	0.1521	0.1755	0.1804	0.2062	0.1958	0.1988	0.2399	0.2037	0.21508543	0.075543575	-0.2550213
56.5	79.5	78.09053227738013	29.899257285135747	0.0874	0.0942	0.114	0.1252	0.1528	0.1685	0.1759	0.1902	0.1916	0.1988	0.2467	0.2101	0.2060875	0.12932022	-0.2504931
51.5	80.5	78.09007107890626	29.89916504544097	0.0803	0.103	0.1192	0.1352	0.153	0.167	0.1805	0.1896	0.1904	0.2125	0.2472	0.2067	0.16748773	0.13186811	-0.22797929
52.5	80.5	78.09016331860103	29.89916504544097	0.0803	0.1042	0.1216	0.136	0.153	0.167	0.1805	0.1858	0.1904	0.2125	0.2472	0.2067	0.15475447	0.14180137	-0.2088484
53.5	80.5	78.09025555829581	29.89916504544097	0.0874	0.1028	0.1244	0.1426	0.1521	0.1755	0.1804	0.1966	0.1958	0.1988	0.2399	0.2037	0.15919812	0.09919814	-0.22492214
54.5	80.5	78.09034779799059	29.89916504544097	0.0874	0.0997	0.1172	0.13	0.1521	0.1755	0.1804	0.194	0.1958	0.1988	0.2399	0.2037	0.1975309	0.105784714	-0.24678664
55.5	80.5	78.09044003768537	29.89916504544097	0.0874	0.0997	0.1172	0.13	0.1521	0.1755	0.1804	0.194	0.1958	0.1988	0.2399	0.2037	0.1975309	0.105784714	-0.24678664
56.5	80.5	78.09053227738013	29.89916504544097	0.0874	0.0977	0.1132	0.123	0.1528	0.1685	0.1759	0.1776	0.1916	0.1988	0.2467	0.2101	0.1816367	0.16285649	-0.22145803
52.5	81.5	78.09016331860103	29.899072805746194	0.0803	0.0986	0.117	0.1282	0.145	0.159	0.1712	0.1916	0.1849	0.2125	0.2464	0.205	0.19824891	0.12511417	-0.24173687
53.5	81.5	78.09025555829581	29.899072805746194	0.0874	0.0966	0.1166	0.1316	0.1453	0.1597	0.1697	0.1828	0.1865	0.1988	0.2384	0.2017	0.16284983	0.13200381	-0.22110887
54.5	81.5	78.09034779799059	29.899072805746194	0.0874	0.0966	0.115	0.1306	0.1453	0.1597	0.1697	0.1814	0.1865	0.1988	0.2384	0.2017	0.16282049	0.13577893	-0.22402158
55.5	81.5	78.09044003768537	29.899072805746194	0.0874	0.0984	0.1162	0.1346	0.1505	0.1627	0.1755	0.1794	0.1894	0.1988	0.2398	0.2038	0.14267516	0.14408399	-0.21380243
56.5	81.5	78.09053227738013	29.899072805746194	0.0874	0.0984	0.1162	0.1346	0.1505	0.1627	0.1755	0.1794	0.1894	0.1988	0.2398	0.2038	0.14267516	0.14408399	-0.21380243
53.5	82.5	78.09025555829581	29.898980566051417	0.0874	0.0961	0.1144	0.1288	0.1453	0.1597	0.1697	0.1781	0.1865	0.1988	0.2384	0.2017	0.16063865	0.1447779	-0.21777779
54.5	82.5	78.09034779799059	29.898980566051417	0.0874	0.0993	0.115	0.1304	0.1453	0.1597	0.1697	0.1828	0.1865	0.1988	0.2384	0.2017	0.16730522	0.13200381	-0.22766955
55.5	82.5	78.09044003768537	29.898980566051417	0.0874	0.104	0.122	0.1382	0.1505	0.1627	0.1755	0.1877	0.1894	0.1988	0.2398	0.2038	0.15188709	0.12187135	-0.21214078
56.5	82.5	78.09053227738013	29.898980566051417	0.0874	0.104	0.122	0.1382	0.1505	0.1627	0.1755	0.1877	0.1894	0.1988	0.2398	0.2038	0.15188709	0.12187135	-0.21214078
54.5	83.5	78.09034779799059	29.89888832635664	0.0874	0.0952	0.1138	0.1262	0.1458	0.1632	0.1708	0.1814	0.1815	0.1988	0.2405	0.2017	0.17945382	0.14008059	-0.2289973
55.5	83.5	78.09044003768537	29.89888832635664	0.0874	0.1042	0.1198	0.1382	0.1522	0.1692	0.1788	0.1996	0.198	0.1988	0.2441	0.206	0.18176435	0.10029301	-0.24984345
55.5	84.5	78.09044003768537	29.898796086661864	0.0874	0.1011	0.1206	0.144	0.1522	0.1692	0.1788	0.207	0.198	0.1988	0.2441	0.206	0.1794872	0.082243405	-0.26373628
37.5	86.5	78.08877972317939	29.89861160727231	0.078	0.0921	0.1138	0.1366	0.1598	0.1887	0.2035	0.2342	0.2358	0.2689	0.3011	0.2314	0.26321468	0.12497663	-0.34597704
36.5	87.5	78.0886874834846	29.898519367577535	0.078	0.1014	0.1318	0.1648	0.2145	0.2364	0.2527	0.272	0.2804	0.2689	0.3628	0.3097	0.24542126	0.14303716	-0.34720162
37.5	87.5	78.08877972317939	29.898519367577535	0.078	0.0919	0.1216	0.1444	0.1867	0.2138	0.236	0.246	0.2603	0.2689	0.332	0.2607	0.26024592	0.1487889	-0.33841133
38.5	87.5	78.08887196287417	29.898519367577535	0.078	0.0894	0.1132	0.1366	0.1867	0.2138	0.236	0.2382	0.2603	0.2689	0.332	0.2607	0.2710779	0.16450368	-0.35571995
39.5	87.5	78.08896420256895	29.898519367577535	0.078	0.0894	0.1132	0.1366	0.1867	0.2138	0.236	0.2382	0.2603	0.2689	0.332	0.2607	0.2710779	0.16450368	-0.35571995
34.5	88.5	78.08850300409506	29.89842712788276	0.078	0.1204	0.1566	0.2044	0.2123	0.2374	0.2517	0.2918	0.2913	0.2689	0.3631	0.3063	0.17613864	0.10887159	-0.3015165
35.5	88.5	78.08859524378984	29.89842712788276	0.078	0.1216	0.1676	0.2136	0.2145	0.2364	0.2527	0.3023	0.2804	0.2689	0.3628	0.3097	0.17193256	0.09096376	-0.28665674
36.5	88.5	78.0886874834846	29.89842712788276	0.078	0.1072	0.1446	0.187	0.2145	0.2364	0.2527	0.2872	0.2804	0.2689	0.3628	0.3097	0.21130323	0.11630769	-0.33024547
37.5	88.5	78.08877972317939	29.89842712788276	0.078	0.0954	0.1224	0.1578	0.1867	0.2138	0.236	0.2632	0.2603	0.2689	0.332	0.2607	0.25035632	0.115591355	-0.36514524
38.5	88.5	78.08887196287417	29.89842712788276	0.078	0.0923	0.1174	0.1454	0.1867	0.2138	0.236	0.2541	0.2603	0.2689	0.332	0.2607	0.2720901	0.13291246	-0.3679677
39.5	88.5	78.08896420256895	29.89842712788276	0.078	0.0923	0.1174	0.1454	0.1867	0.2138	0.236	0.2541	0.2603	0.2689	0.332	0.2607	0.2720901	0.13291246	-0.3679677
40.5	88.5	78.08905644226371	29.89842712788276	0.0747	0.096	0.1228	0.1474	0.1826	0.22	0.2391	0.2602	0.2632	0.2551	0.3174	0.2459	0.27674186	0.099030495	-0.35874674
33.5	89.5	78.08841076440028	29.898334888187982	0.078	0.0959	0.1272	0.1626	0.2123	0.2374	0.2517	0.261	0.2913	0.2689	0.3631	0.3063	0.23229465	0.16359556	-0.34466767
34.5	89.5	78.08850300409506	29.898334888187982	0.078	0.1076	0.1438	0.1842	0.2123	0.2374	0.2517	0.2797	0.2913	0.2689	0.3631	0.3063	0.20586334	0.12974484	-0.32089728
35.5	89.5	78.08859524378984	29.898334888187982	0.078	0.1134	0.1456	0.197	0.2405	0.2618	0.2811	0.2871	0.3073	0.2689	0.3865	0.332	0.18611856	0.14756535	-0.32701638
36.5	89.5	78.0886874834846	29.898334888187982	0.078	0.1204	0.1648	0.2108	0.2405	0.2618	0.2811	0.2994	0.3073	0.2689	0.3865	0.332	0.17365737	0.12698644	-0.28996122
37.5	89.5	78.08877972317939	29.898334888187982	0.078	0.1108	0.1488	0.1858	0.2194	0.2482	0.2672	0.293	0.2951	0.2689	0.3635	0.2996	0.22389309	0.10738764	-0.32639205
38.5	89.5	78.08887196287417	29.898334888187982	0.078	0.1036	0.135	0.166	0.2194	0.2482	0.2672	0.279	0.2951	0.2689	0.3635	0.2996	0.25393263	0.13151748	-0.3478261
39.5	89.5	78.08896420256895	29.898334888187982	0.078	0.1036	0.135	0.166	0.2194	0.2482	0.2672	0.279	0.2951	0.2689	0.3635	0.2996	0.25393263	0.13151748	-0.3478261
40.5	89.5	78.08905644226371	29.898334888187982	0.0747	0.1013	0.1308	0.1584	0.2004	0.2328	0.2515	0.2728	0.2816	0.2551	0.338	0.2687	0.26530612	0.10674525	-0.35183352
41.5	89.5	78.08914868195849	29.898334888187982	0.0747	0.0976	0.1282	0.1536	0.2004	0.2328	0.2515	0.2654	0.2816	0.2551	0.338	0.2687	0.26682574	0.12031821	-0.34857723
31.5	90.5	78.08822628501073	29.898242648493206	0.0699	0.0959	0.1194	0.14	0.1664	0.1899	0.2088	0.223	0.2197	0.219	0.2958	0.2441	0.22865015	0.14032382	-0.3025701
32.5	90.5	78.0883185247055	29.898242648493206	0.0699	0.0953	0.1192	0.1452	0.1664	0.1899	0.2088	0.2451	0.2197	0.219	0.2958	0.2441	0.25595698	0.093732655	-0.34559432
33.5	90.5	78.08841076440028	29.898242648493206	0.0776	0.0969	0.1258	0.1582	0.2021	0.2256	0.2483	0.263	0.271	0.2595	0.3484	0.2816	0.24881294	0.1396794	-0.3528807
34.5	90.5	78.08850300409506	29.898242648493206	0.0776	0.1042	0.1382	0.1722	0.2021	0.2256	0.2483	0.2769	0.271	0.2595	0.3484	0.2816	0.23313294	0.11434512	-0.33413634
35.5	90.5	78.08859524378984	29.898242648493206	0.0776	0.113	0.1402	0.1824	0.2235	0.2516	0.2659	0.2895	0.2952	0.2595	0.3647	0.2991	0.22695485	0.11494955	-0.3474517
36.5	90.5	78.0886874834846	29.898242648493206	0.0776	0.1166	0.1596	0.1966	0.2235	0.2516	0.2659	0.3124	0.2952	0.2595	0.3647	0.2991	0.22750492	0.07724114	-0.32372883
37.5	90.5	78.08877972317939	29.898242648493206	0.078	0.1208	0.1664	0.2096	0.2194	0.2482	0.2672	0.3178	0.2951	0.2689	0.3635	0.2996	0.20515735	0.06707767	-0.3126807
38.5	90.5	78.08887196287417	29.898242648493206	0.078	0.113	0.1502	0.1868	0.2194	0.2482	0.2672	0.297	0.2951	0.2689	0.3635	0.2996	0.22778006	0.10068131	-0.32826477
39.5	90.5	78.08896420256895	29.898242648493206	0.0747	0.1054	0.1386	0.1738	0.2004	0.2328	0.2515	0.2827	0.2816	0.2551	0.338	0.2687	0.23855421	0.089092955	-0.34203655
40.5	90.5	78.08905644226371	29.898242648493206	0.0747	0.1054	0.1386	0.1738	0.2004	0.2328	0.2515	0.2827	0.2816	0.2551	0.338	0.2687	0.23855421	0.089092955	-0.34203655
41.5	90.5	78.08914868195849	29.898242648493206	0.0747	0.0993	0.1324	0.1648	0.2004	0.2328	0.2515	0.2728	0.2816	0.2551	0.338	0.2687	0.24680072	0.10674525	-0.34649554
42.5	90.5	78.08924092165327	29.898242648493206	0.0747	0.108	0.1334	0.1682	0.1879	0.2218	0.2334	0.277	0.2717	0.2551	0.3174	0.2482	0.24438456	0.06796769	-0.34990257
34.5	91.5	78.08850300409506	29.89815040879843	0.0776	0.1038	0.1356	0.1684	0.2021	0.2256	0.2483	0.2843	0.271	0.2595	0.3484	0.2816	0.2560194	0.10131183	-0.35413194
35.5	91.5	78.08859524378984	29.89815040879843	0.0776	0.1021	0.137	0.1698	0.2235	0.2516	0.2659	0.2821	0.2952	0.2595	0.3647	0.2991	0.2485063	0.12770563	-0.34621808
36.5	91.5	78.0886874834846	29.89815040879843	0.0776	0.0991	0.1366	0.17	0.2235	0.2516	0.2659	0.2769	0.2952	0.2595	0.3647	0.2991	0.23920338	0.13684538	-0.33929867
37.5	91.5	78.08877972317939	29.89815040879843	0.0776	0.103	0.1356	0.1704	0.2243	0.2512	0.2669	0.2761	0.2947	0.2595	0.359	0.2938	0.23673016	0.13053061	-0.3412679
38.5	91.5	78.08887196287417	29.89815040879843	0.0776	0.114	0.1488	0.1912	0.2243	0.2512	0.2669	0.2971	0.2947	0.2595	0.359	0.2938	0.21687488	0.09434536	-0.33258578
39.5	91.5	78.08896420256895	29.89815040879843	0.0714	0.1084	0.1478	0.1786	0.1965	0.2261	0.2436	0.2861	0.2727	0.2389	0.3398	0.2725	0.23133205	0.08579645	-0.31873703
40.5	91.5	78.08905644226371	29.89815040879843	0.0714	0.1084	0.1478	0.1786	0.1965	0.2261	0.2436	0.2861	0.2727	0.2389	0.3398	0.2725	0.23133205	0.08579645	-0.31873703
41.5	91.5	78.08914868195849	29.89815040879843	0.0714	0.1054	0.1366	0.1744	0.1965	0.2261	0.2436	0.2721	0.2727	0.2389	0.3398	0.2725	0.21881299	0.11063899	-0.33153903
42.5	91.5	78.08924092165327	29.89815040879843	0.0714	0.1112	0.141	0.176	0.1979	0.2235	0.2433	0.2786	0.2733	0.2389	0.3327	0.2696	0.22569293	0.088499926	-0.32793137
43.5	91.5	78.08933316134805	29.89815040879843	0.0714	0.1104	0.1416	0.1752	0.1979	0.2235	0.2433	0.2743	0.2733	0.2389	0.3327	0.2696	0.2204672	0.096210875	-0.3190671
41.5	92.5	78.08914868195849	29.898058169103653	0.0714	0.093	0.121	0.149	0.1965	0.2261	0.2436	0.2501	0.2727	0.2389	0.3398	0.2725	0.25331992	0.1520597	-0.34788465
42.5	92.5	78.08924092165327	29.898058169103653	0.0714	0.0984	0.1306	0.1566	0.1979	0.2235	0.2433	0.2574	0.2733	0.2389	0.3327	0.2696	0.24347828	0.1276055	-0.3268041
43.5	92.5	78.08933316134805	29.898058169103653	0.0714	0.111	0.1378	0.1738	0.1979	0.2235	0.2433	0.2765	0.2733	0.2389	0.3327	0.2696	0.22807014	0.09225218	-0.33478156
44.5	92.5	78.08942540104282	29.898058169103653	0.0714	0.113	0.14	0.1746	0.1775	0.207	0.2261	0.2707	0.2495	0.2389	0.3052	0.2469	0.21580957	0.059906237	-0.31823716
106.5	109.5	78.09514426211896	29.896490094292453	0.062	0.0946	0.1216	0.1342	0.1519	0.1772	0.1922	0.2092	0.2022	0.2445	0.2366	0.2137	0.21840416	0.061462544	-0.26481256
107.5	109.5	78.09523650181374	29.896490094292453	0.062	0.0937	0.123	0.1382	0.1519	0.1772	0.1922	0.2109	0.2022	0.2445	0.2366	0.2137	0.20824978	0.057430174	-0.26325244
108.5	109.5	78.09532874150852	29.896490094292453	0.062	0.093	0.1214	0.136	0.1543	0.1818	0.1838	0.2071	0.2083	0.2445	0.2355	0.2108	0.2072282	0.06416626	-0.26088282
109.5	109.5	78.09542098120329	29.896490094292453	0.062	0.093	0.1214	0.136	0.1543	0.1818	0.1838	0.2071	0.2083	0.2445	0.2355	0.2108	0.2072282	0.06416626	-0.26088282
22.5	110.5	78.08739612775774	29.896397854597677	0.0745	0.0936	0.1246	0.1454	0.1622	0.1894	0.1975	0.2176	0.2165	0.2095	0.2598	0.23	0.19889806	0.08839545	-0.2717709
23.5	110.5	78.08748836745252	29.896397854597677	0.0745	0.1004	0.1324	0.1488	0.1615	0.182	0.1971	0.223	0.2015	0.2095	0.2541	0.2321	0.19956967	0.06518547	-0.25492403
24.5	110.5	78.08758060714729	29.896397854597677	0.0745	0.0919	0.121	0.1378	0.1615	0.182	0.1971	0.2035	0.2015	0.2095	0.2541	0.2321	0.1924993	0.110576905	-0.2542373
25.5	110.5	78.08767284684207	29.896397854597677	0.0702	0.091	0.1142	0.1368	0.1507	0.1641	0.1728	0.1853	0.1766	0.1796	0.2414	0.232	0.15057431	0.13147414	-0.23739563
26.5	110.5	78.08776508653685	29.896397854597677	0.0702	0.091	0.1142	0.1368	0.1507	0.1641	0.1728	0.1853	0.1766	0.1796	0.2414	0.232	0.15057431	0.13147414	-0.23739563
108.5	110.5	78.09532874150852	29.896397854597677	0.0603	0.0903	0.1178	0.134	0.1448	0.1888	0.194	0.2037	0.2109	0.3554	0.2272	0.1967	0.2063962	0.054537006	-0.2671851
109.5	110.5	78.09542098120329	29.896397854597677	0.0603	0.0903	0.1178	0.134	0.1448	0.1888	0.194	0.2037	0.2109	0.3554	0.2272	0.1967	0.2063962	0.054537006	-0.2671851
13.5	111.5	78.08656597050475	29.8963056149029	0.0768	0.108	0.1386	0.1664	0.1654	0.2129	0.2264	0.2588	0.2474	0.226	0.2562	0.2196	0.2173095	-0.0050485716	-0.302466
14.5	111.5	78.08665821019953	29.8963056149029	0.0768	0.1056	0.1378	0.1702	0.1849	0.2151	0.2327	0.2584	0.2551	0.226	0.2938	0.2489	0.20578626	0.06410722	-0.30439174
15.5	111.5	78.08675044989431	29.8963056149029	0.0768	0.1004	0.1338	0.161	0.1849	0.2151	0.2327	0.2552	0.2551	0.226	0.2938	0.2489	0.2263335	0.070309654	-0.31208226
16.5	111.5	78.08684268958908	29.8963056149029	0.0768	0.1012	0.134	0.1612	0.1692	0.1997	0.2135	0.2462	0.2338	0.226	0.2873	0.2381	0.20864014	0.07703842	-0.2951078
17.5	111.5	78.08693492928386	29.8963056149029	0.0768	0.1012	0.134	0.1612	0.1692	0.1997	0.2135	0.2462	0.2338	0.226	0.2873	0.2381	0.20864014	0.07703842	-0.2951078
18.5	111.5	78.08702716897864	29.8963056149029	0.0768	0.0946	0.1288	0.1512	0.1692	0.1997	0.2135	0.2359	0.2338	0.226	0.2873	0.2381	0.21880652	0.098241575	-0.293666
19.5	111.5	78.08711940867342	29.8963056149029	0.0745	0.0903	0.1226	0.1476	0.173	0.1921	0.2069	0.2269	0.2262	0.2095	0.2756	0.232	0.211749	0.09691541	-0.29842633
20.5	111.5	78.08721164836818	29.8963056149029	0.0745	0.0923	0.1162	0.1384	0.173	0.1921	0.2069	0.2264	0.2262	0.2095	0.2756	0.232	0.24122806	0.09800794	-0.32165793
21.5	111.5	78.08730388806296	29.8963056149029	0.0745	0.0918	0.1116	0.1324	0.1622	0.1894	0.1975	0.2072	0.2165	0.2095	0.2598	0.23	0.22025912	0.112633795	-0.29987454
22.5	111.5	78.08739612775774	29.8963056149029	0.0745	0.096	0.1256	0.1456	0.1622	0.1894	0.1975	0.2104	0.2165	0.2095	0.2598	0.23	0.18202245	0.10506165	-0.25238097
23.5	111.5	78.08748836745252	29.8963056149029	0.0745	0.096	0.1232	0.1436	0.1615	0.182	0.1971	0.2084	0.2015	0.2095	0.2541	0.2321	0.1840909	0.09881081	-0.25693607
24.5	111.5	78.08758060714729	29.8963056149029	0.0745	0.0918	0.1218	0.1432	0.1615	0.182	0.1971	0.1897	0.2015	0.2095	0.2541	0.2321	0.13968162	0.14511038	-0.21797755
25.5	111.5	78.08767284684207	29.8963056149029	0.0702	0.0901	0.118	0.1394	0.1507	0.1641	0.1728	0.1859	0.1766	0.1796	0.2414	0.232	0.14294496	0.12988533	-0.22342877
26.5	111.5	78.08776508653685	29.8963056149029	0.0702	0.0896	0.1112	0.138	0.1507	0.1641	0.1728	0.1779	0.1766	0.1796	0.2414	0.232	0.1263058	0.15144289	-0.23071603
27.5	111.5	78.08785732623163	29.8963056149029	0.0702	0.0896	0.1112	0.138	0.1507	0.1641	0.1728	0.1779	0.1766	0.1796	0.2414	0.232	0.1263058	0.15144289	-0.23071603
16.5	112.5	78.08684268958908	29.896213375208124	0.0768	0.0986	0.1224	0.1476	0.1781	0.2043	0.2186	0.2397	0.2403	0.226	0.3011	0.2485	0.23780018	0.11353547	-0.32394367
17.5	112.5	78.08693492928386	29.896213375208124	0.0768	0.0923	0.1228	0.1496	0.1781	0.2043	0.2186	0.2406	0.2403	0.226	0.3011	0.2485	0.23321375	0.1116854	-0.32416072
18.5	112.5	78.08702716897864	29.896213375208124	0.0768	0.0923	0.1228	0.1496	0.1781	0.2043	0.2186	0.2406	0.2403	0.226	0.3011	0.2485	0.23321375	0.1116854	-0.32416072
19.5	112.5	78.08711940867342	29.896213375208124	0.0745	0.091	0.1182	0.1418	0.1663	0.187	0.2031	0.2333	0.222	0.2095	0.2796	0.2345	0.24393494	0.090270996	-0.3274538
20.5	112.5	78.08721164836818	29.896213375208124	0.0745	0.0915	0.1152	0.1378	0.1663	0.187	0.2031	0.2158	0.222	0.2095	0.2796	0.2345	0.22058827	0.1287848	-0.3039275
21.5	112.5	78.08730388806296	29.896213375208124	0.0745	0.0929	0.118	0.1394	0.1538	0.173	0.1844	0.2126	0.1994	0.2095	0.2391	0.2037	0.20795451	0.05866726	-0.28614637
22.5	112.5	78.08739612775774	29.896213375208124	0.0745	0.0934	0.1162	0.137	0.1538	0.173	0.1844	0.2017	0.1994	0.2095	0.2391	0.2037	0.19102453	0.08484572	-0.26895252
23.5	112.5	78.08748836745252	29.896213375208124	0.0745	0.0892	0.1118	0.1324	0.1428	0.1676	0.1776	0.2008	0.1899	0.2095	0.2281	0.204	0.20528209	0.063651204	-0.2847089
24.5	112.5	78.08758060714729	29.896213375208124	0.0745	0.0892	0.1192	0.1342	0.1428	0.1676	0.1776	0.1922	0.1899	0.2095	0.2281	0.204	0.17769606	0.08541517	-0.23442519
25.5	112.5	78.08767284684207	29.896213375208124	0.0702	0.094	0.1192	0.137	0.1501	0.162	0.1754	0.1906	0.1807	0.1796	0.2344	0.2234	0.16361417	0.10305885	-0.23047125
26.5	112.5	78.08776508653685	29.896213375208124	0.0702	0.0933	0.116	0.1376	0.1501	0.162	0.1754	0.1772	0.1807	0.1796	0.2344	0.2234	0.12579416	0.13896987	-0.20873126
27.5	112.5	78.08785732623163	29.896213375208124	0.0702	0.0933	0.116	0.1376	0.1501	0.162	0.1754	0.1772	0.1807	0.1796	0.2344	0.2234	0.12579416	0.13896987	-0.20873126
20.5	113.5	78.08721164836818	29.896121135513347	0.0745	0.0942	0.118	0.1412	0.1663	0.187	0.2031	0.2115	0.222	0.2095	0.2796	0.2345	0.19931953	0.13866828	-0.2837633
21.5	113.5	78.08730388806296	29.896121135513347	0.0745	0.0871	0.1214	0.1346	0.1538	0.173	0.1844	0.2007	0.1994	0.2095	0.2391	0.2037	0.1971369	0.0873124	-0.24619684
22.5	113.5	78.08739612775774	29.896121135513347	0.0745	0.0834	0.1028	0.1162	0.1538	0.173	0.1844	0.1759	0.1994	0.2095	0.2391	0.2037	0.20438205	0.15228915	-0.2622892
23.5	113.5	78.08748836745252	29.896121135513347	0.0745	0.0814	0.1058	0.1156	0.1428	0.1676	0.1776	0.1804	0.1899	0.2095	0.2281	0.204	0.21891893	0.11676867	-0.26065686
24.5	113.5	78.08758060714729	29.896121135513347	0.0745	0.0832	0.1094	0.1202	0.1428	0.1676	0.1776	0.184	0.1899	0.2095	0.2281	0.204	0.20973043	0.10701286	-0.25426042
25.5	113.5	78.08767284684207	29.896121135513347	0.0702	0.091	0.1156	0.1338	0.1501	0.162	0.1754	0.187	0.1807	0.1796	0.2344	0.2234	0.16583543	0.1124822	-0.23595509
26.5	113.5	78.08776508653685	29.896121135513347	0.0702	0.0936	0.1166	0.1406	0.1501	0.162	0.1754	0.1806	0.1807	0.1796	0.2344	0.2234	0.12453302	0.12963855	-0.2153432
27.5	113.5	78.08785732623163	29.896121135513347	0.0702	0.0936	0.1166	0.1406	0.1501	0.162	0.1754	0.1806	0.1807	0.1796	0.2344	0.2234	0.12453302	0.12963855	-0.2153432
28.5	113.5	78.0879495659264	29.896121135513347	0.0702	0.0921	0.1134	0.1362	0.1469	0.1609	0.1685	0.1782	0.1772	0.1796	0.2369	0.2301	0.13358782	0.14141169	-0.22222225
24.5	114.5	78.08758060714729	29.89602889581857	0.0717	0.0812	0.1024	0.1104	0.1225	0.1506	0.1576	0.1722	0.168	0.1959	0.1945	0.1632	0.21868365	0.060812667	-0.2541879
25.5	114.5	78.08767284684207	29.89602889581857	0.0709	0.0847	0.107	0.1184	0.137	0.1561	0.1683	0.1778	0.1776	0.1791	0.2152	0.1906	0.20054017	0.09516541	-0.2485955
26.5	114.5	78.08776508653685	29.89602889581857	0.0709	0.0865	0.1128	0.1282	0.137	0.1561	0.1683	0.1838	0.1776	0.1791	0.2152	0.1906	0.17820515	0.078696765	-0.23937961
27.5	114.5	78.08785732623163	29.89602889581857	0.0709	0.0865	0.1128	0.1282	0.137	0.1561	0.1683	0.1838	0.1776	0.1791	0.2152	0.1906	0.17820515	0.078696765	-0.23937961
28.5	114.5	78.0879495659264	29.89602889581857	0.0709	0.0895	0.1156	0.134	0.1494	0.1661	0.1711	0.1834	0.1839	0.1791	0.2362	0.2251	0.15563957	0.12583412	-0.22675587
29.5	114.5	78.08804180562117	29.89602889581857	0.0709	0.091	0.1166	0.1376	0.1494	0.1661	0.1711	0.1834	0.1839	0.1791	0.2362	0.2251	0.14267913	0.12583412	-0.22266668
27.5	115.5	78.08785732623163	29.895936656123794	0.0709	0.0859	0.1134	0.1282	0.1494	0.1661	0.1711	0.1842	0.1839	0.1791	0.2362	0.2251	0.1792574	0.12369172	-0.23790325
28.5	115.5	78.0879495659264	29.895936656123794	0.0709	0.0859	0.1134	0.1282	0.1494	0.1661	0.1711	0.1842	0.1839	0.1791	0.2362	0.2251	0.1792574	0.12369172	-0.23790325
29.5	115.5	78.08804180562117	29.895936656123794	0.0709	0.0903	0.1192	0.1376	0.1494	0.1661	0.1711	0.1852	0.1839	0.1791	0.2362	0.2251	0.14745973	0.12102515	-0.21681999
