Pixel-X	Pixel-Y	Longitude	Latitude	B1	B2	B3	B4	B5	B6	B7	B8	B8A	B9	B11	B12	NDVI	NDBI	NDWI
99.5	4.5	78.09449858425553	29.90617526224398	0.081	0.1372	0.159	0.1744	0.1892	0.2474	0.2726	0.285	0.2827	0.2902	0.2365	0.1884	0.2407488	-0.09300096	-0.2837838
100.5	4.5	78.09459082395031	29.90617526224398	0.079	0.1372	0.1494	0.1616	0.1825	0.2502	0.2788	0.2564	0.281	0.2902	0.235	0.1873	0.22679426	-0.043549024	-0.26367667
101.5	4.5	78.09468306364508	29.90617526224398	0.079	0.1372	0.1494	0.1616	0.1825	0.2502	0.2788	0.2564	0.281	0.2902	0.235	0.1873	0.22679426	-0.043549024	-0.26367667
102.5	4.5	78.09477530333986	29.90617526224398	0.079	0.122	0.1544	0.1622	0.1825	0.2502	0.2788	0.2503	0.281	0.2902	0.235	0.1873	0.21357572	-0.03152687	-0.23696561
21.5	5.5	78.08730388806296	29.906083022549204	0.0649	0.1034	0.1312	0.1366	0.1644	0.1963	0.2085	0.2113	0.228	0.2555	0.2266	0.1774	0.21471687	0.034939498	-0.23386861
98.5	5.5	78.09440634456075	29.906083022549204	0.081	0.0941	0.1294	0.1302	0.1892	0.2474	0.2726	0.2413	0.2827	0.2902	0.2365	0.1884	0.29905787	-0.010046058	-0.30186135
99.5	5.5	78.09449858425553	29.906083022549204	0.081	0.1248	0.172	0.1808	0.1892	0.2474	0.2726	0.295	0.2827	0.2902	0.2365	0.1884	0.24001677	-0.11006584	-0.26338327
100.5	5.5	78.09459082395031	29.906083022549204	0.079	0.134	0.1678	0.1722	0.1825	0.2502	0.2788	0.3073	0.281	0.2902	0.235	0.1873	0.28175184	-0.13332105	-0.2936224
101.5	5.5	78.09468306364508	29.906083022549204	0.079	0.134	0.1678	0.1722	0.1825	0.2502	0.2788	0.3073	0.281	0.2902	0.235	0.1873	0.28175184	-0.13332105	-0.2936224
19.5	6.5	78.08711940867342	29.905990782854428	0.0717	0.0954	0.1126	0.1252	0.1527	0.22	0.242	0.2041	0.2507	0.2555	0.2313	0.1673	0.23959914	0.06247129	-0.28891695
20.5	6.5	78.08721164836818	29.905990782854428	0.0698	0.1076	0.121	0.1278	0.1683	0.1953	0.2224	0.202	0.2347	0.2555	0.2303	0.1852	0.22498484	0.06546377	-0.25077403
21.5	6.5	78.08730388806296	29.905990782854428	0.0698	0.1406	0.1688	0.1766	0.1683	0.1953	0.2224	0.2461	0.2347	0.2555	0.2303	0.1852	0.16441922	-0.033165406	-0.18630995
97.5	6.5	78.09431410486597	29.905990782854428	0.0768	0.1054	0.1298	0.1286	0.1669	0.2465	0.2635	0.2408	0.2731	0.2902	0.2188	0.1655	0.30373576	-0.04786771	-0.29951426
98.5	6.5	78.09440634456075	29.905990782854428	0.082	0.1172	0.1438	0.1522	0.1856	0.2364	0.2634	0.2336	0.2799	0.2902	0.2359	0.177	0.21099016	0.0048988163	-0.23794381
99.5	6.5	78.09449858425553	29.905990782854428	0.082	0.1136	0.1478	0.1582	0.1856	0.2364	0.2634	0.2636	0.2799	0.2902	0.2359	0.177	0.24988146	-0.05545544	-0.28147787
100.5	6.5	78.09459082395031	29.905990782854428	0.0797	0.0809	0.1146	0.1072	0.1531	0.278	0.3227	0.3076	0.332	0.2902	0.2348	0.168	0.4831244	-0.13421829	-0.4571293
18.5	7.5	78.08702716897864	29.90589854315965	0.0717	0.1008	0.1264	0.1322	0.1527	0.22	0.242	0.2293	0.2507	0.2555	0.2313	0.1673	0.26860306	0.004342139	-0.28928876
19.5	7.5	78.08711940867342	29.90589854315965	0.0717	0.1008	0.1264	0.1322	0.1527	0.22	0.242	0.2293	0.2507	0.2555	0.2313	0.1673	0.26860306	0.004342139	-0.28928876
20.5	7.5	78.08721164836818	29.90589854315965	0.0698	0.108	0.1332	0.1334	0.1683	0.1953	0.2224	0.2214	0.2347	0.2555	0.2303	0.1852	0.24802707	0.019703347	-0.24873093
21.5	7.5	78.08730388806296	29.90589854315965	0.0698	0.1448	0.1708	0.1766	0.1683	0.1953	0.2224	0.249	0.2347	0.2555	0.2303	0.1852	0.17011279	-0.039015237	-0.18627918
22.5	7.5	78.08739612775774	29.90589854315965	0.0664	0.1274	0.1504	0.1538	0.1562	0.2046	0.2395	0.2442	0.2602	0.2788	0.2358	0.1831	0.2271357	-0.017500017	-0.23770909
96.5	7.5	78.0942218651712	29.90589854315965	0.0768	0.0786	0.1078	0.106	0.1669	0.2465	0.2635	0.3136	0.2731	0.2902	0.2188	0.1655	0.4947569	-0.17806163	-0.4883721
97.5	7.5	78.09431410486597	29.90589854315965	0.0768	0.104	0.1212	0.1202	0.1669	0.2465	0.2635	0.299	0.2731	0.2902	0.2188	0.1655	0.4265267	-0.15488607	-0.42313182
98.5	7.5	78.09440634456075	29.90589854315965	0.082	0.1376	0.162	0.172	0.1856	0.2364	0.2634	0.251	0.2799	0.2902	0.2359	0.177	0.18676119	-0.031012503	-0.21549635
99.5	7.5	78.09449858425553	29.90589854315965	0.082	0.1348	0.154	0.1576	0.1856	0.2364	0.2634	0.2709	0.2799	0.2902	0.2359	0.177	0.26441076	-0.069060795	-0.27512357
16.5	8.5	78.08684268958908	29.905806303464875	0.0731	0.1058	0.1396	0.1426	0.1632	0.2586	0.274	0.2666	0.2957	0.2878	0.2307	0.1667	0.3030303	-0.072189845	-0.3126539
17.5	8.5	78.08693492928386	29.905806303464875	0.0746	0.1042	0.1396	0.139	0.1657	0.2432	0.2676	0.283	0.2848	0.2878	0.2346	0.1747	0.3412322	-0.093508504	-0.339328
18.5	8.5	78.08702716897864	29.905806303464875	0.0746	0.0803	0.1102	0.1108	0.1657	0.2432	0.2676	0.237	0.2848	0.2878	0.2346	0.1747	0.36285222	-0.0050890814	-0.36520737
19.5	8.5	78.08711940867342	29.905806303464875	0.0746	0.0803	0.1102	0.1108	0.1657	0.2432	0.2676	0.237	0.2848	0.2878	0.2346	0.1747	0.36285222	-0.0050890814	-0.36520737
20.5	8.5	78.08721164836818	29.905806303464875	0.0743	0.0886	0.1124	0.1188	0.1605	0.2162	0.2351	0.2263	0.2482	0.2878	0.227	0.1735	0.31150392	0.0015442244	-0.3362858
21.5	8.5	78.08730388806296	29.905806303464875	0.0743	0.0978	0.1146	0.1224	0.1605	0.2162	0.2351	0.2409	0.2482	0.2878	0.227	0.1735	0.3261767	-0.029707195	-0.35527423
22.5	8.5	78.08739612775774	29.905806303464875	0.0716	0.1338	0.1496	0.1588	0.1828	0.2323	0.2512	0.2272	0.2593	0.2679	0.238	0.1798	0.17720206	0.02321583	-0.2059448
23.5	8.5	78.08748836745252	29.905806303464875	0.0716	0.1532	0.1562	0.165	0.1828	0.2323	0.2512	0.2474	0.2593	0.2679	0.238	0.1798	0.19980599	-0.019365462	-0.22596629
95.5	8.5	78.09412962547643	29.905806303464875	0.0662	0.1312	0.154	0.1564	0.1795	0.228	0.2464	0.2397	0.2637	0.2938	0.2231	0.1707	0.21030046	-0.03586862	-0.21767844
96.5	8.5	78.0942218651712	29.905806303464875	0.0741	0.0974	0.131	0.1282	0.173	0.2442	0.2628	0.2608	0.2798	0.2902	0.236	0.1811	0.34087408	-0.04991949	-0.3312915
97.5	8.5	78.09431410486597	29.905806303464875	0.0741	0.0955	0.118	0.1174	0.173	0.2442	0.2628	0.2814	0.2798	0.2902	0.236	0.1811	0.4112337	-0.08774641	-0.40911368
98.5	8.5	78.09440634456075	29.905806303464875	0.078	0.1074	0.1336	0.139	0.17	0.2351	0.2548	0.2724	0.2842	0.2902	0.2375	0.1797	0.32425863	-0.06844478	-0.34187192
15.5	9.5	78.08675044989431	29.905714063770098	0.0731	0.0908	0.111	0.1178	0.1632	0.2586	0.274	0.2675	0.2957	0.2878	0.2307	0.1667	0.38852844	-0.07386594	-0.41347426
16.5	9.5	78.08684268958908	29.905714063770098	0.0731	0.1172	0.1418	0.1426	0.1632	0.2586	0.274	0.2977	0.2957	0.2878	0.2307	0.1667	0.3522598	-0.12679785	-0.35472125
17.5	9.5	78.08693492928386	29.905714063770098	0.0746	0.0914	0.1254	0.123	0.1657	0.2432	0.2676	0.3112	0.2848	0.2878	0.2346	0.1747	0.4334408	-0.14034446	-0.42556113
18.5	9.5	78.08702716897864	29.905714063770098	0.0746	0.0949	0.1106	0.122	0.1657	0.2432	0.2676	0.2587	0.2848	0.2878	0.2346	0.1747	0.3590754	-0.048854694	-0.401029
19.5	9.5	78.08711940867342	29.905714063770098	0.0746	0.0949	0.1106	0.122	0.1657	0.2432	0.2676	0.2587	0.2848	0.2878	0.2346	0.1747	0.3590754	-0.048854694	-0.401029
20.5	9.5	78.08721164836818	29.905714063770098	0.0743	0.1206	0.1456	0.1424	0.1605	0.2162	0.2351	0.2245	0.2482	0.2878	0.227	0.1735	0.2237667	0.005537093	-0.21318561
21.5	9.5	78.08730388806296	29.905714063770098	0.0743	0.1038	0.1314	0.138	0.1605	0.2162	0.2351	0.2378	0.2482	0.2878	0.227	0.1735	0.2655668	-0.023235809	-0.28819066
22.5	9.5	78.08739612775774	29.905714063770098	0.0716	0.1698	0.183	0.1846	0.1828	0.2323	0.2512	0.2471	0.2593	0.2679	0.238	0.1798	0.14477646	-0.018759	-0.14903511
23.5	9.5	78.08748836745252	29.905714063770098	0.0716	0.135	0.1694	0.1742	0.1828	0.2323	0.2512	0.2883	0.2593	0.2679	0.238	0.1798	0.24670272	-0.09557287	-0.25977713
95.5	9.5	78.09412962547643	29.905714063770098	0.0662	0.1486	0.1752	0.1934	0.1795	0.228	0.2464	0.2536	0.2637	0.2938	0.2231	0.1707	0.13467562	-0.063981526	-0.18283582
96.5	9.5	78.0942218651712	29.905714063770098	0.0741	0.1122	0.1448	0.154	0.173	0.2442	0.2628	0.2447	0.2798	0.2902	0.236	0.1811	0.22748934	-0.018098602	-0.25648263
97.5	9.5	78.09431410486597	29.905714063770098	0.0741	0.1032	0.1322	0.1306	0.173	0.2442	0.2628	0.2654	0.2798	0.2902	0.236	0.1811	0.340404	-0.0586358	-0.33501005
16.5	10.5	78.08684268958908	29.90562182407532	0.0723	0.0773	0.1182	0.108	0.1687	0.2401	0.2497	0.2952	0.271	0.2878	0.2247	0.1626	0.4642857	-0.13560298	-0.42815673
17.5	10.5	78.08693492928386	29.90562182407532	0.0746	0.0693	0.1116	0.0986	0.17	0.2614	0.2893	0.3196	0.3122	0.2878	0.2289	0.162	0.52845526	-0.16536005	-0.48237476
18.5	10.5	78.08702716897864	29.90562182407532	0.0746	0.1208	0.1516	0.1562	0.17	0.2614	0.2893	0.2736	0.3122	0.2878	0.2289	0.162	0.2731503	-0.088955246	-0.28692383
19.5	10.5	78.08711940867342	29.90562182407532	0.0746	0.1208	0.1516	0.1562	0.17	0.2614	0.2893	0.2736	0.3122	0.2878	0.2289	0.162	0.2731503	-0.088955246	-0.28692383
20.5	10.5	78.08721164836818	29.90562182407532	0.0751	0.133	0.1566	0.157	0.1649	0.2636	0.2884	0.2758	0.2934	0.2878	0.2269	0.1677	0.27449164	-0.097274706	-0.27567068
21.5	10.5	78.08730388806296	29.90562182407532	0.0751	0.111	0.1356	0.1434	0.1649	0.2636	0.2884	0.2604	0.2934	0.2878	0.2269	0.1677	0.2897474	-0.06874616	-0.3151515
94.5	10.5	78.09403738578165	29.90562182407532	0.0642	0.106	0.1334	0.1538	0.1773	0.2299	0.2445	0.2552	0.2515	0.2914	0.2346	0.1878	0.24792176	-0.042057995	-0.31343284
95.5	10.5	78.09412962547643	29.90562182407532	0.0642	0.1152	0.1372	0.1612	0.1773	0.2299	0.2445	0.2302	0.2515	0.2914	0.2346	0.1878	0.17629021	0.009466438	-0.2531301
16.5	11.5	78.08684268958908	29.905529584380545	0.0723	0.1072	0.1274	0.1268	0.1687	0.2401	0.2497	0.275	0.271	0.2878	0.2247	0.1626	0.36884022	-0.1006604	-0.36679924
17.5	11.5	78.08693492928386	29.905529584380545	0.0746	0.0761	0.1028	0.09	0.17	0.2614	0.2893	0.2957	0.3122	0.2878	0.2289	0.162	0.5333161	-0.12733513	-0.48406526
18.5	11.5	78.08702716897864	29.905529584380545	0.0746	0.1124	0.134	0.1436	0.17	0.2614	0.2893	0.2467	0.3122	0.2878	0.2289	0.162	0.26415578	-0.037426416	-0.29603362
19.5	11.5	78.08711940867342	29.905529584380545	0.0751	0.0862	0.1262	0.1054	0.1649	0.2636	0.2884	0.33	0.2934	0.2878	0.2269	0.1677	0.5158475	-0.18513201	-0.4467339
93.5	11.5	78.09394514608687	29.905529584380545	0.0598	0.1174	0.1246	0.1338	0.1651	0.2429	0.2661	0.2337	0.2798	0.2914	0.225	0.1611	0.27183676	-0.018966673	-0.30449346
94.5	11.5	78.09403738578165	29.905529584380545	0.0642	0.106	0.1358	0.1444	0.1773	0.2299	0.2445	0.2229	0.2515	0.2914	0.2346	0.1878	0.21372175	0.025573747	-0.24282129
17.5	12.5	78.08693492928386	29.90543734468577	0.0688	0.0835	0.117	0.1008	0.151	0.261	0.2961	0.2957	0.3003	0.2878	0.2195	0.1579	0.4915511	-0.14790374	-0.4330022
93.5	12.5	78.09394514608687	29.90543734468577	0.0579	0.1248	0.1582	0.1614	0.1772	0.2426	0.2605	0.263	0.2695	0.2914	0.2407	0.181	0.2393968	-0.044272393	-0.24881294
98.5	39.5	78.09440634456075	29.902946872926805	0.0659	0.0983	0.1472	0.182	0.198	0.2302	0.2483	0.2568	0.2629	0.2456	0.3063	0.2749	0.1704649	0.087906264	-0.2712871
97.5	40.5	78.09431410486597	29.902854633232028	0.0659	0.0916	0.1344	0.1616	0.198	0.2302	0.2483	0.2417	0.2629	0.2456	0.3063	0.2749	0.19861147	0.11788325	-0.28529647
98.5	40.5	78.09440634456075	29.902854633232028	0.0659	0.0943	0.1346	0.1674	0.198	0.2302	0.2483	0.2482	0.2629	0.2456	0.3063	0.2749	0.1944177	0.1047791	-0.2967607
99.5	40.5	78.09449858425553	29.902854633232028	0.0656	0.0932	0.1396	0.1678	0.1912	0.2256	0.2426	0.2413	0.2576	0.2456	0.3003	0.2662	0.17966269	0.10893648	-0.26699924
96.5	41.5	78.0942218651712	29.90276239353725	0.0611	0.0888	0.1238	0.1588	0.183	0.208	0.2262	0.229	0.2412	0.2456	0.2952	0.2623	0.18102112	0.12628765	-0.29818594
97.5	41.5	78.09431410486597	29.90276239353725	0.0645	0.0869	0.1232	0.1548	0.1817	0.204	0.2233	0.2328	0.2343	0.2456	0.2899	0.263	0.20123841	0.10924047	-0.30786517
98.5	41.5	78.09440634456075	29.90276239353725	0.0645	0.091	0.126	0.1586	0.1817	0.204	0.2233	0.2328	0.2343	0.2456	0.2899	0.263	0.18957588	0.10924047	-0.29765886
99.5	41.5	78.09449858425553	29.90276239353725	0.0644	0.0957	0.134	0.162	0.1768	0.1993	0.2152	0.2258	0.2269	0.2456	0.2809	0.2551	0.16451778	0.10874286	-0.2551417
100.5	41.5	78.09459082395031	29.90276239353725	0.0644	0.0916	0.1278	0.1594	0.1768	0.1993	0.2152	0.223	0.2269	0.2456	0.2809	0.2551	0.166318	0.11490374	-0.2713797
95.5	42.5	78.09412962547643	29.902670153842475	0.0611	0.0868	0.1224	0.1572	0.183	0.208	0.2262	0.2309	0.2412	0.2456	0.2952	0.2623	0.18989953	0.122220084	-0.30710444
96.5	42.5	78.0942218651712	29.902670153842475	0.0611	0.0914	0.125	0.1562	0.183	0.208	0.2262	0.2283	0.2412	0.2456	0.2952	0.2623	0.18751624	0.12779367	-0.29238608
97.5	42.5	78.09431410486597	29.902670153842475	0.0645	0.0888	0.125	0.1542	0.1817	0.204	0.2233	0.2204	0.2343	0.2456	0.2899	0.263	0.17672184	0.1361944	-0.27620152
98.5	42.5	78.09440634456075	29.902670153842475	0.0645	0.086	0.1232	0.1522	0.1817	0.204	0.2233	0.218	0.2343	0.2456	0.2899	0.263	0.17774175	0.14156333	-0.2778429
99.5	42.5	78.09449858425553	29.902670153842475	0.0644	0.0852	0.1246	0.152	0.1768	0.1993	0.2152	0.2106	0.2269	0.2456	0.2809	0.2551	0.16161062	0.14303154	-0.25656325
93.5	43.5	78.09394514608687	29.9025779141477	0.0546	0.0841	0.1146	0.147	0.1734	0.1981	0.214	0.2216	0.2306	0.258	0.2735	0.2452	0.2023874	0.10482731	-0.31826293
113.5	52.5	78.0957899399824	29.90174775689471	0.0738	0.0868	0.1094	0.1182	0.1461	0.1738	0.1847	0.1999	0.1935	0.2108	0.2092	0.1723	0.2568375	0.022732813	-0.2925962
113.5	53.5	78.0957899399824	29.901655517199934	0.0743	0.07	0.0966	0.1058	0.1697	0.1958	0.202	0.2089	0.2134	0.2108	0.2142	0.1722	0.3276136	0.012526589	-0.3675941
112.5	54.5	78.09569770028763	29.901563277505158	0.0743	0.0876	0.099	0.1144	0.1697	0.1958	0.202	0.185	0.2134	0.2108	0.2142	0.1722	0.23580495	0.0731463	-0.3028169
113.5	54.5	78.0957899399824	29.901563277505158	0.0743	0.0876	0.099	0.1144	0.1697	0.1958	0.202	0.185	0.2134	0.2108	0.2142	0.1722	0.23580495	0.0731463	-0.3028169
111.5	55.5	78.09560546059285	29.90147103781038	0.0727	0.0881	0.109	0.1192	0.1349	0.1504	0.1607	0.175	0.1808	0.2108	0.2154	0.1843	0.1896669	0.1034836	-0.23239437
112.5	55.5	78.09569770028763	29.90147103781038	0.0727	0.0842	0.106	0.1156	0.1382	0.157	0.1678	0.1666	0.1867	0.2108	0.2085	0.1716	0.1807229	0.11170353	-0.22230376
113.5	55.5	78.0957899399824	29.90147103781038	0.0727	0.0842	0.106	0.1156	0.1382	0.157	0.1678	0.1666	0.1867	0.2108	0.2085	0.1716	0.1807229	0.11170353	-0.22230376
110.5	56.5	78.09551322089807	29.901378798115605	0.0727	0.0877	0.1102	0.1236	0.1349	0.1504	0.1607	0.1876	0.1808	0.2108	0.2154	0.1843	0.20565553	0.068982616	-0.25990596
111.5	56.5	78.09560546059285	29.901378798115605	0.0727	0.0816	0.1013	0.1062	0.1349	0.1504	0.1607	0.1672	0.1808	0.2108	0.2154	0.1843	0.2231163	0.12598012	-0.2454376
112.5	56.5	78.09569770028763	29.901378798115605	0.0727	0.0844	0.0978	0.1078	0.1382	0.157	0.1678	0.1632	0.1867	0.2108	0.2085	0.1716	0.20442806	0.121872455	-0.2505747
113.5	56.5	78.0957899399824	29.901378798115605	0.0727	0.083	0.102	0.1138	0.1382	0.157	0.1678	0.1656	0.1867	0.2108	0.2085	0.1716	0.1853973	0.11467521	-0.23766817
110.5	57.5	78.09551322089807	29.90128655842083	0.0698	0.0816	0.1016	0.1144	0.1366	0.1575	0.172	0.1758	0.1902	0.2361	0.2288	0.1921	0.21157822	0.13099359	-0.26748377
111.5	57.5	78.09560546059285	29.90128655842083	0.0698	0.0762	0.0924	0.0994	0.1366	0.1575	0.172	0.1586	0.1902	0.2361	0.2288	0.1921	0.22945738	0.18120804	-0.26374504
112.5	57.5	78.09569770028763	29.90128655842083	0.0695	0.0828	0.0974	0.1064	0.1338	0.1665	0.1779	0.1766	0.202	0.2361	0.2203	0.1838	0.24805653	0.110103324	-0.28905106
113.5	57.5	78.0957899399824	29.90128655842083	0.0695	0.0866	0.1052	0.1064	0.1338	0.1665	0.1779	0.1981	0.202	0.2361	0.2203	0.1838	0.30114943	0.05305928	-0.3062974
109.5	58.5	78.09542098120329	29.901194318726052	0.072	0.1008	0.1208	0.1346	0.1547	0.1775	0.2029	0.1995	0.2145	0.2361	0.238	0.2036	0.1942532	0.08800002	-0.24570712
110.5	58.5	78.09551322089807	29.901194318726052	0.0698	0.088	0.1074	0.1178	0.1366	0.1575	0.172	0.1826	0.1902	0.2361	0.2288	0.1921	0.21571241	0.11229944	-0.25931036
111.5	58.5	78.09560546059285	29.901194318726052	0.0698	0.0816	0.1026	0.1114	0.1366	0.1575	0.172	0.1696	0.1902	0.2361	0.2288	0.1921	0.20711742	0.1485944	-0.24614252
112.5	58.5	78.09569770028763	29.901194318726052	0.0695	0.0814	0.102	0.1124	0.1338	0.1665	0.1779	0.1926	0.202	0.2361	0.2203	0.1838	0.2629508	0.06708648	-0.30753565
113.5	58.5	78.0957899399824	29.901194318726052	0.0695	0.0805	0.108	0.1066	0.1338	0.1665	0.1779	0.2176	0.202	0.2361	0.2203	0.1838	0.34238124	0.0061657936	-0.33660933
108.5	59.5	78.09532874150852	29.901102079031276	0.0682	0.1024	0.126	0.1404	0.1528	0.1748	0.1821	0.2165	0.203	0.2361	0.233	0.1929	0.21322496	0.036707446	-0.26423356
109.5	59.5	78.09542098120329	29.901102079031276	0.0682	0.0988	0.1206	0.129	0.1528	0.1748	0.1821	0.1987	0.203	0.2361	0.233	0.1929	0.21269456	0.07945333	-0.24459755
110.5	59.5	78.09551322089807	29.901102079031276	0.0654	0.0994	0.117	0.131	0.1385	0.2031	0.2282	0.1984	0.2473	0.2361	0.2229	0.1701	0.20461448	0.058153328	-0.25808498
111.5	59.5	78.09560546059285	29.901102079031276	0.0654	0.1024	0.1164	0.129	0.1385	0.2031	0.2282	0.2128	0.2473	0.2361	0.2229	0.1701	0.24517263	0.023181105	-0.2928311
112.5	59.5	78.09569770028763	29.901102079031276	0.0661	0.0954	0.113	0.1218	0.1357	0.1845	0.2084	0.1964	0.2181	0.2361	0.222	0.1767	0.23444375	0.06118547	-0.269554
113.5	59.5	78.0957899399824	29.901102079031276	0.0661	0.0934	0.115	0.1196	0.1357	0.1845	0.2084	0.2208	0.2181	0.2361	0.222	0.1767	0.2972973	0.0027100393	-0.31506848
114.5	59.5	78.09588217967718	29.901102079031276	0.0661	0.0934	0.115	0.1196	0.1357	0.1845	0.2084	0.2208	0.2181	0.2361	0.222	0.1767	0.2972973	0.0027100393	-0.31506848
3.5	67.5	78.085643573557	29.900364161473064	0.0534	0.0794	0.1044	0.125	0.149	0.1953	0.2037	0.1979	0.2339	0.2765	0.2466	0.1976	0.22576648	0.10956132	-0.3092954
4.5	67.5	78.08573581325176	29.900364161473064	0.0534	0.0776	0.1078	0.1256	0.1508	0.1981	0.2194	0.1998	0.2293	0.2765	0.2482	0.2036	0.22802706	0.10803571	-0.29908973
5.5	67.5	78.08582805294654	29.900364161473064	0.0534	0.0791	0.1102	0.131	0.1508	0.1981	0.2194	0.2042	0.2293	0.2765	0.2482	0.2036	0.2183771	0.09725906	-0.29898217
4.5	68.5	78.08573581325176	29.900271921778288	0.054	0.0759	0.1086	0.1248	0.1518	0.1802	0.1951	0.1998	0.2059	0.2765	0.2498	0.2046	0.23105362	0.11120996	-0.29571986
5.5	68.5	78.08582805294654	29.900271921778288	0.054	0.0776	0.1072	0.1292	0.1518	0.1802	0.1951	0.2016	0.2059	0.2765	0.2498	0.2046	0.21886337	0.106778905	-0.3056995
6.5	68.5	78.08592029264132	29.900271921778288	0.054	0.0776	0.1108	0.1268	0.1546	0.2181	0.2409	0.223	0.2651	0.2952	0.256	0.1866	0.2750143	0.068893544	-0.33612943
5.5	69.5	78.08582805294654	29.90017968208351	0.054	0.0796	0.1118	0.1302	0.1518	0.1802	0.1951	0.2061	0.2059	0.2765	0.2498	0.2046	0.22569136	0.09585434	-0.29663417
6.5	69.5	78.08592029264132	29.90017968208351	0.054	0.0768	0.1132	0.1252	0.1546	0.2181	0.2409	0.2302	0.2651	0.2952	0.256	0.1866	0.29544172	0.053064622	-0.34071052
7.5	69.5	78.0860125323361	29.90017968208351	0.054	0.0768	0.1132	0.1252	0.1546	0.2181	0.2409	0.2302	0.2651	0.2952	0.256	0.1866	0.29544172	0.053064622	-0.34071052
6.5	70.5	78.08592029264132	29.900087442388735	0.0546	0.0736	0.1066	0.1206	0.1664	0.2232	0.25	0.2419	0.2695	0.2952	0.275	0.1924	0.33462068	0.06403562	-0.38823527
7.5	70.5	78.0860125323361	29.900087442388735	0.0546	0.0736	0.1066	0.1206	0.1664	0.2232	0.25	0.2419	0.2695	0.2952	0.275	0.1924	0.33462068	0.06403562	-0.38823527
8.5	70.5	78.08610477203086	29.900087442388735	0.0546	0.0711	0.103	0.1192	0.1664	0.2232	0.25	0.2728	0.2695	0.2952	0.275	0.1924	0.39183673	0.0040160776	-0.45183608
7.5	71.5	78.0860125323361	29.899995202693958	0.0546	0.073	0.1064	0.1208	0.1664	0.2232	0.25	0.2532	0.2695	0.2952	0.275	0.1924	0.35401067	0.041272268	-0.40823138
8.5	71.5	78.08610477203086	29.899995202693958	0.0546	0.0728	0.1058	0.1202	0.1664	0.2232	0.25	0.2615	0.2695	0.2952	0.275	0.1924	0.370186	0.025163103	-0.42390415
7.5	72.5	78.0860125323361	29.89990296299918	0.0543	0.0687	0.1028	0.114	0.1591	0.2395	0.269	0.2614	0.3017	0.3014	0.2642	0.173	0.39264786	0.0053272215	-0.43547505
8.5	72.5	78.08610477203086	29.89990296299918	0.0543	0.0687	0.1028	0.114	0.1591	0.2395	0.269	0.2614	0.3017	0.3014	0.2642	0.173	0.39264786	0.0053272215	-0.43547505
9.5	72.5	78.08619701172564	29.89990296299918	0.056	0.0722	0.1028	0.1188	0.1682	0.2409	0.2695	0.285	0.3014	0.3014	0.2878	0.196	0.4115899	0.004888299	-0.46982983
83.5	81.5	78.09302274913911	29.899072805746194	0.0639	0.0917	0.1268	0.151	0.1734	0.2007	0.2142	0.2176	0.2268	0.2284	0.2609	0.2361	0.1806837	0.09049109	-0.26364693
84.5	81.5	78.09311498883389	29.899072805746194	0.0639	0.0976	0.1266	0.151	0.1734	0.2007	0.2142	0.2148	0.2268	0.2284	0.2609	0.2361	0.17441227	0.0969098	-0.258348
81.5	82.5	78.09283826974955	29.898980566051417	0.0654	0.0938	0.1288	0.1534	0.1742	0.1963	0.2149	0.2198	0.223	0.2284	0.2626	0.2355	0.17792067	0.08872307	-0.26104414
82.5	82.5	78.09293050944433	29.898980566051417	0.0659	0.0944	0.1268	0.1542	0.1714	0.1963	0.2113	0.2173	0.2199	0.2284	0.26	0.2364	0.16985194	0.08946154	-0.26300493
83.5	82.5	78.09302274913911	29.898980566051417	0.0659	0.0936	0.1216	0.1498	0.1714	0.1963	0.2113	0.213	0.2199	0.2284	0.26	0.2364	0.17420065	0.09936573	-0.27316198
84.5	82.5	78.09311498883389	29.898980566051417	0.0659	0.0936	0.1216	0.1498	0.1714	0.1963	0.2113	0.213	0.2199	0.2284	0.26	0.2364	0.17420065	0.09936573	-0.27316198
79.5	83.5	78.09265379036	29.89888832635664	0.0635	0.092	0.1252	0.1498	0.1696	0.2027	0.2185	0.2191	0.226	0.2598	0.2597	0.2298	0.18785578	0.084795326	-0.27272725
80.5	83.5	78.09274603005478	29.89888832635664	0.0654	0.0924	0.1254	0.1478	0.1742	0.1963	0.2149	0.2179	0.223	0.2284	0.2626	0.2355	0.19168717	0.09302812	-0.2694436
81.5	83.5	78.09283826974955	29.89888832635664	0.0654	0.091	0.1246	0.152	0.1742	0.1963	0.2149	0.2138	0.223	0.2284	0.2626	0.2355	0.16894479	0.10243494	-0.26359338
82.5	83.5	78.09293050944433	29.89888832635664	0.0659	0.0919	0.1252	0.1542	0.1714	0.1963	0.2113	0.2128	0.2199	0.2284	0.26	0.2364	0.159673	0.099830784	-0.25917158
83.5	83.5	78.09302274913911	29.89888832635664	0.0659	0.0912	0.1248	0.1484	0.1714	0.1963	0.2113	0.2119	0.2199	0.2284	0.26	0.2364	0.17624204	0.10192837	-0.25868726
84.5	83.5	78.09311498883389	29.89888832635664	0.0659	0.0912	0.1248	0.1484	0.1714	0.1963	0.2113	0.2119	0.2199	0.2284	0.26	0.2364	0.17624204	0.10192837	-0.25868726
78.5	84.5	78.09256155066522	29.898796086661864	0.0642	0.09	0.1228	0.1508	0.1726	0.1987	0.2132	0.2144	0.2223	0.2598	0.2672	0.241	0.17415112	0.109634556	-0.27164885
79.5	84.5	78.09265379036	29.898796086661864	0.0642	0.0944	0.1212	0.1508	0.1726	0.1987	0.2132	0.2135	0.2223	0.2598	0.2672	0.241	0.17211087	0.11171209	-0.27576932
80.5	84.5	78.09274603005478	29.898796086661864	0.0658	0.0919	0.123	0.1484	0.1692	0.1943	0.2108	0.2075	0.2177	0.2284	0.2623	0.2397	0.16605788	0.11664542	-0.2556732
81.5	84.5	78.09283826974955	29.898796086661864	0.0658	0.0901	0.1232	0.1496	0.1692	0.1943	0.2108	0.2116	0.2177	0.2284	0.2623	0.2397	0.17165007	0.10698461	-0.26403823
82.5	84.5	78.09293050944433	29.898796086661864	0.0669	0.0886	0.1218	0.1504	0.1692	0.1937	0.2091	0.2083	0.2158	0.2284	0.2581	0.2362	0.16141622	0.10677532	-0.2620418
83.5	84.5	78.09302274913911	29.898796086661864	0.0669	0.0896	0.1232	0.1508	0.1692	0.1937	0.2091	0.2105	0.2158	0.2284	0.2581	0.2362	0.16523664	0.101579174	-0.26161224
84.5	84.5	78.09311498883389	29.898796086661864	0.0669	0.0896	0.1232	0.1508	0.1692	0.1937	0.2091	0.2105	0.2158	0.2284	0.2581	0.2362	0.16523664	0.101579174	-0.26161224
77.5	85.5	78.09246931097044	29.898703846967088	0.0614	0.0944	0.1256	0.151	0.1763	0.2038	0.2183	0.2206	0.2291	0.2598	0.261	0.2346	0.18729818	0.08388707	-0.27440786
78.5	85.5	78.09256155066522	29.898703846967088	0.0642	0.0954	0.1268	0.1526	0.1726	0.1987	0.2132	0.2128	0.2223	0.2598	0.2672	0.241	0.16475093	0.11333333	-0.2532391
79.5	85.5	78.09265379036	29.898703846967088	0.0642	0.0936	0.124	0.149	0.1726	0.1987	0.2132	0.2099	0.2223	0.2598	0.2672	0.241	0.16968516	0.12010058	-0.25726268
80.5	85.5	78.09274603005478	29.898703846967088	0.0658	0.0971	0.1262	0.1498	0.1692	0.1943	0.2108	0.2106	0.2177	0.2284	0.2623	0.2397	0.16870144	0.10932546	-0.2505938
81.5	85.5	78.09283826974955	29.898703846967088	0.0658	0.0944	0.1266	0.1508	0.1692	0.1943	0.2108	0.2104	0.2177	0.2284	0.2623	0.2397	0.16500552	0.109794825	-0.24866469
82.5	85.5	78.09293050944433	29.898703846967088	0.0669	0.0908	0.1222	0.149	0.1692	0.1937	0.2091	0.2104	0.2158	0.2284	0.2581	0.2362	0.17084028	0.10181431	-0.26518342
83.5	85.5	78.09302274913911	29.898703846967088	0.0669	0.0926	0.121	0.1484	0.1692	0.1937	0.2091	0.2077	0.2158	0.2284	0.2581	0.2362	0.16652627	0.10820095	-0.26376635
84.5	85.5	78.09311498883389	29.898703846967088	0.0669	0.0926	0.121	0.1484	0.1692	0.1937	0.2091	0.2077	0.2158	0.2284	0.2581	0.2362	0.16652627	0.10820095	-0.26376635
78.5	86.5	78.09256155066522	29.89861160727231	0.0629	0.0958	0.1268	0.1526	0.1762	0.2026	0.2161	0.216	0.2306	0.2397	0.2682	0.2454	0.17200217	0.1078067	-0.26021004
79.5	86.5	78.09265379036	29.89861160727231	0.0629	0.095	0.129	0.1518	0.1762	0.2026	0.2161	0.2159	0.2306	0.2397	0.2682	0.2454	0.17432688	0.10803554	-0.25195712
80.5	86.5	78.09274603005478	29.89861160727231	0.0654	0.0944	0.1266	0.1504	0.1754	0.2029	0.2124	0.2171	0.2233	0.2421	0.2661	0.2427	0.18149659	0.101407275	-0.26331103
81.5	86.5	78.09283826974955	29.89861160727231	0.0654	0.093	0.1224	0.153	0.1754	0.2029	0.2124	0.2148	0.2233	0.2421	0.2661	0.2427	0.1680261	0.10667496	-0.27402136
82.5	86.5	78.09293050944433	29.89861160727231	0.0667	0.091	0.122	0.1512	0.1719	0.1941	0.2111	0.212	0.2223	0.2421	0.2574	0.2332	0.16740088	0.096719235	-0.26946107
83.5	86.5	78.09302274913911	29.89861160727231	0.0667	0.0927	0.1218	0.151	0.1719	0.1941	0.2111	0.2106	0.2223	0.2421	0.2574	0.2332	0.16482304	0.1	-0.26714802
84.5	86.5	78.09311498883389	29.89861160727231	0.0681	0.0907	0.117	0.147	0.1574	0.1886	0.2046	0.2098	0.2167	0.2421	0.2413	0.2093	0.17600898	0.0698293	-0.28396574
78.5	87.5	78.09256155066522	29.898519367577535	0.0629	0.0913	0.1254	0.1534	0.1762	0.2026	0.2161	0.2216	0.2306	0.2397	0.2682	0.2454	0.18186665	0.095140904	-0.2772334
79.5	87.5	78.09265379036	29.898519367577535	0.0629	0.092	0.1268	0.1546	0.1762	0.2026	0.2161	0.2206	0.2306	0.2397	0.2682	0.2454	0.17590618	0.097381376	-0.27000573
80.5	87.5	78.09274603005478	29.898519367577535	0.0654	0.0926	0.1272	0.1526	0.1754	0.2029	0.2124	0.2194	0.2233	0.2421	0.2661	0.2427	0.17956989	0.09618947	-0.26601267
81.5	87.5	78.09283826974955	29.898519367577535	0.0654	0.0903	0.1266	0.1518	0.1754	0.2029	0.2124	0.2168	0.2233	0.2421	0.2661	0.2427	0.1763429	0.1020915	-0.26266748
82.5	87.5	78.09293050944433	29.898519367577535	0.0667	0.0904	0.1258	0.152	0.1719	0.1941	0.2111	0.2166	0.2223	0.2421	0.2574	0.2332	0.17525774	0.08607596	-0.26518694
83.5	87.5	78.09302274913911	29.898519367577535	0.0667	0.0924	0.1236	0.1508	0.1719	0.1941	0.2111	0.2129	0.2223	0.2421	0.2574	0.2332	0.1707451	0.09462047	-0.2653789
78.5	88.5	78.09256155066522	29.89842712788276	0.0599	0.093	0.123	0.1578	0.1778	0.2035	0.2165	0.2266	0.2276	0.2397	0.2593	0.2359	0.17898023	0.06729777	-0.29633868
79.5	88.5	78.09265379036	29.89842712788276	0.0599	0.0958	0.1268	0.1556	0.1778	0.2035	0.2165	0.2236	0.2276	0.2397	0.2593	0.2359	0.17932491	0.073928334	-0.2762557
80.5	88.5	78.09274603005478	29.89842712788276	0.063	0.092	0.1296	0.1544	0.1775	0.202	0.2147	0.2215	0.2175	0.2421	0.2591	0.2348	0.17850488	0.07823553	-0.26174876
81.5	88.5	78.09283826974955	29.89842712788276	0.063	0.093	0.125	0.153	0.1775	0.202	0.2147	0.2171	0.2175	0.2421	0.2591	0.2348	0.17319643	0.08819823	-0.26921952
82.5	88.5	78.09293050944433	29.89842712788276	0.0651	0.0964	0.125	0.1512	0.159	0.1915	0.2167	0.21	0.2287	0.2421	0.2368	0.2078	0.1627907	0.05998211	-0.25373134
78.5	89.5	78.09256155066522	29.898334888187982	0.0599	0.088	0.1198	0.1526	0.1778	0.2035	0.2165	0.2148	0.2276	0.2397	0.2593	0.2359	0.16929775	0.09386204	-0.2839211
79.5	89.5	78.09265379036	29.898334888187982	0.0599	0.0914	0.1276	0.1494	0.1778	0.2035	0.2165	0.2169	0.2276	0.2397	0.2593	0.2359	0.18427521	0.08903819	-0.25921628
80.5	89.5	78.09274603005478	29.898334888187982	0.063	0.093	0.1288	0.152	0.1775	0.202	0.2147	0.2194	0.2175	0.2421	0.2591	0.2348	0.18147552	0.08296758	-0.26019529
79.5	90.5	78.09265379036	29.898242648493206	0.0547	0.0896	0.1216	0.144	0.1623	0.1829	0.1962	0.2045	0.2006	0.2397	0.235	0.2084	0.17360118	0.06939703	-0.2542165
114.5	110.5	78.09588217967718	29.896397854597677	0.0485	0.0602	0.0889	0.1026	0.1361	0.1774	0.1959	0.2098	0.2138	0.2251	0.2519	0.1801	0.3431498	0.09118471	-0.40475395
113.5	111.5	78.0957899399824	29.8963056149029	0.0485	0.065	0.0916	0.1032	0.1361	0.1774	0.1959	0.2027	0.2138	0.2251	0.2519	0.1801	0.3252697	0.10822698	-0.37750596
114.5	111.5	78.09588217967718	29.8963056149029	0.0485	0.062	0.0881	0.0996	0.1361	0.1774	0.1959	0.2077	0.2138	0.2251	0.2519	0.1801	0.3517735	0.09617056	-0.40432724
37.5	112.5	78.08877972317939	29.896213375208124	0.0665	0.0902	0.1222	0.1444	0.1683	0.1912	0.2039	0.2121	0.2263	0.2367	0.2687	0.2448	0.18990181	0.11772048	-0.26892015
112.5	112.5	78.09569770028763	29.896213375208124	0.0453	0.0684	0.0896	0.1016	0.1364	0.1796	0.2002	0.2046	0.2209	0.2728	0.2528	0.1751	0.33638147	0.10537819	-0.39089057
113.5	112.5	78.0957899399824	29.896213375208124	0.0467	0.0628	0.0906	0.0987	0.1344	0.1742	0.1935	0.1977	0.2123	0.2251	0.2514	0.1781	0.33400807	0.11957248	-0.37148803
114.5	112.5	78.09588217967718	29.896213375208124	0.0467	0.0662	0.0882	0.101	0.1344	0.1742	0.1935	0.2065	0.2123	0.2251	0.2514	0.1781	0.3430894	0.098056346	-0.40142515
36.5	113.5	78.0886874834846	29.896121135513347	0.0693	0.0908	0.1224	0.1498	0.1664	0.219	0.2325	0.2196	0.2498	0.2367	0.2788	0.2453	0.18895507	0.1187801	-0.28421053
37.5	113.5	78.08877972317939	29.896121135513347	0.0665	0.0892	0.123	0.149	0.1683	0.1912	0.2039	0.2175	0.2263	0.2367	0.2687	0.2448	0.18690313	0.10530646	-0.27753302
112.5	113.5	78.09569770028763	29.896121135513347	0.0453	0.0636	0.0913	0.1016	0.1364	0.1796	0.2002	0.2048	0.2209	0.2728	0.2528	0.1751	0.3368146	0.10489509	-0.38331643
113.5	113.5	78.0957899399824	29.896121135513347	0.0467	0.0638	0.0907	0.1012	0.1344	0.1742	0.1935	0.1992	0.2123	0.2251	0.2514	0.1781	0.32623172	0.11584552	-0.37426698
114.5	113.5	78.09588217967718	29.896121135513347	0.0467	0.0674	0.088	0.1008	0.1344	0.1742	0.1935	0.2023	0.2123	0.2251	0.2514	0.1781	0.33487296	0.108221285	-0.3937306
35.5	114.5	78.08859524378984	29.89602889581857	0.074	0.0982	0.1332	0.1582	0.1916	0.2267	0.247	0.2377	0.261	0.2685	0.2991	0.2663	0.2008083	0.11438154	-0.28174707
36.5	114.5	78.0886874834846	29.89602889581857	0.0715	0.0949	0.1282	0.1498	0.1762	0.2074	0.2211	0.2206	0.2344	0.2685	0.2806	0.255	0.19114469	0.119712725	-0.26490825
37.5	114.5	78.08877972317939	29.89602889581857	0.0715	0.0949	0.1282	0.1498	0.1762	0.2074	0.2211	0.2206	0.2344	0.2685	0.2806	0.255	0.19114469	0.119712725	-0.26490825
111.5	114.5	78.09560546059285	29.89602889581857	0.0465	0.0653	0.0925	0.105	0.1324	0.1792	0.1996	0.2181	0.217	0.2728	0.2553	0.1793	0.35004643	0.07858046	-0.40437862
112.5	114.5	78.09569770028763	29.89602889581857	0.0465	0.0665	0.0894	0.103	0.1324	0.1792	0.1996	0.2081	0.217	0.2728	0.2553	0.1793	0.3378335	0.10185581	-0.3989916
113.5	114.5	78.0957899399824	29.89602889581857	0.0465	0.0639	0.0884	0.1014	0.1323	0.176	0.1975	0.2096	0.2179	0.2251	0.2558	0.1793	0.34790996	0.09926946	-0.40671143
114.5	114.5	78.09588217967718	29.89602889581857	0.0465	0.0653	0.0886	0.0994	0.1323	0.176	0.1975	0.2084	0.2179	0.2251	0.2558	0.1793	0.35412607	0.10211118	-0.40336698
34.5	115.5	78.08850300409506	29.895936656123794	0.074	0.0984	0.1368	0.1618	0.1916	0.2267	0.247	0.2603	0.261	0.2685	0.2991	0.2663	0.23335706	0.069360025	-0.3110048
35.5	115.5	78.08859524378984	29.895936656123794	0.074	0.1038	0.1378	0.1672	0.1916	0.2267	0.247	0.2554	0.261	0.2685	0.2991	0.2663	0.208708	0.07880975	-0.29908445
36.5	115.5	78.0886874834846	29.895936656123794	0.0715	0.1008	0.1334	0.159	0.1762	0.2074	0.2211	0.2339	0.2344	0.2685	0.2806	0.255	0.19063376	0.09076776	-0.2736183
37.5	115.5	78.08877972317939	29.895936656123794	0.0715	0.1008	0.1334	0.159	0.1762	0.2074	0.2211	0.2339	0.2344	0.2685	0.2806	0.255	0.19063376	0.09076776	-0.2736183
65.5	115.5	78.09136243463313	29.895936656123794	0.0854	0.1284	0.1388	0.1578	0.1668	0.2158	0.2353	0.2518	0.2528	0.2702	0.2427	0.1761	0.22949217	-0.018402437	-0.28929853
110.5	115.5	78.09551322089807	29.895936656123794	0.0465	0.0618	0.0858	0.1	0.1343	0.1952	0.2183	0.2062	0.2434	0.2728	0.245	0.1665	0.34683213	0.08599291	-0.41232878
111.5	115.5	78.09560546059285	29.895936656123794	0.0465	0.0629	0.0864	0.0995	0.1324	0.1792	0.1996	0.2069	0.217	0.2728	0.2553	0.1793	0.3505222	0.10471655	-0.41084212
112.5	115.5	78.09569770028763	29.895936656123794	0.0465	0.0624	0.085	0.0984	0.1324	0.1792	0.1996	0.2065	0.217	0.2728	0.2553	0.1793	0.35454246	0.10567344	-0.4168096
113.5	115.5	78.0957899399824	29.895936656123794	0.0465	0.0632	0.0838	0.0982	0.1323	0.176	0.1975	0.2114	0.2179	0.2251	0.2558	0.1793	0.36563307	0.09503426	-0.4322493
114.5	115.5	78.09588217967718	29.895936656123794	0.0465	0.0658	0.0861	0.0991	0.1323	0.176	0.1975	0.21	0.2179	0.2251	0.2558	0.1793	0.35878354	0.09832549	-0.41843972
33.5	116.5	78.08841076440028	29.895844416429018	0.0779	0.0932	0.131	0.1484	0.1991	0.2519	0.2744	0.2533	0.2874	0.2685	0.3238	0.2731	0.2611402	0.12216251	-0.318241
34.5	116.5	78.08850300409506	29.895844416429018	0.0778	0.0964	0.135	0.155	0.192	0.2314	0.2527	0.2626	0.269	0.2685	0.2998	0.2561	0.25766283	0.0661451	-0.32092553
35.5	116.5	78.08859524378984	29.895844416429018	0.0778	0.1026	0.134	0.1632	0.192	0.2314	0.2527	0.2624	0.269	0.2685	0.2998	0.2561	0.2330827	0.06652438	-0.3239152
36.5	116.5	78.0886874834846	29.895844416429018	0.0755	0.1024	0.1318	0.157	0.1745	0.211	0.2261	0.2397	0.2416	0.2685	0.2786	0.2415	0.20846987	0.07505306	-0.29044417
37.5	116.5	78.08877972317939	29.895844416429018	0.0755	0.1024	0.1318	0.157	0.1745	0.211	0.2261	0.2397	0.2416	0.2685	0.2786	0.2415	0.20846987	0.07505306	-0.29044417
64.5	116.5	78.09127019493835	29.895844416429018	0.0854	0.12	0.1256	0.1448	0.1668	0.2158	0.2353	0.214	0.2528	0.2702	0.2427	0.1761	0.19286509	0.062842116	-0.26030627
65.5	116.5	78.09136243463313	29.895844416429018	0.0854	0.12	0.1256	0.1448	0.1668	0.2158	0.2353	0.214	0.2528	0.2702	0.2427	0.1761	0.19286509	0.062842116	-0.26030627
66.5	116.5	78.0914546743279	29.895844416429018	0.082	0.1222	0.138	0.1466	0.1749	0.2382	0.2543	0.2446	0.2749	0.2481	0.245	0.1737	0.25051126	8.1700727E-4	-0.27861997
67.5	116.5	78.09154691402269	29.895844416429018	0.082	0.0924	0.1154	0.1184	0.1749	0.2382	0.2543	0.2714	0.2749	0.2481	0.245	0.1737	0.39250898	-0.05112316	-0.4033092
109.5	116.5	78.09542098120329	29.895844416429018	0.0488	0.0619	0.0872	0.0992	0.1324	0.1745	0.2004	0.2024	0.2192	0.2686	0.2427	0.1666	0.34217504	0.090541445	-0.39779004
110.5	116.5	78.09551322089807	29.895844416429018	0.0482	0.0583	0.0838	0.0986	0.1299	0.1741	0.1917	0.1964	0.21	0.2686	0.2505	0.1739	0.33152542	0.12105615	-0.4018558
111.5	116.5	78.09560546059285	29.895844416429018	0.0482	0.0583	0.0838	0.0986	0.1299	0.1741	0.1917	0.1964	0.21	0.2686	0.2505	0.1739	0.33152542	0.12105615	-0.4018558
112.5	116.5	78.09569770028763	29.895844416429018	0.0482	0.0633	0.085	0.0992	0.1299	0.1741	0.1917	0.1994	0.21	0.2686	0.2505	0.1739	0.33556595	0.1135808	-0.40225032
113.5	116.5	78.0957899399824	29.895844416429018	0.0477	0.0642	0.0871	0.0995	0.1302	0.1759	0.1931	0.2048	0.2176	0.2246	0.2503	0.1757	0.34604007	0.09997802	-0.40322027
114.5	116.5	78.09588217967718	29.895844416429018	0.0477	0.062	0.0892	0.099	0.1302	0.1759	0.1931	0.2058	0.2176	0.2246	0.2503	0.1757	0.35039368	0.097566314	-0.39525425
31.5	117.5	78.08822628501073	29.89575217673424	0.0765	0.1232	0.176	0.1922	0.2147	0.283	0.3073	0.318	0.3286	0.3337	0.3333	0.267	0.24656995	0.023491489	-0.2874494
32.5	117.5	78.0883185247055	29.89575217673424	0.0779	0.1094	0.1516	0.1664	0.1991	0.2519	0.2744	0.301	0.2874	0.2685	0.3238	0.2731	0.28797603	0.036491673	-0.3300928
33.5	117.5	78.08841076440028	29.89575217673424	0.0779	0.0966	0.1316	0.1454	0.1991	0.2519	0.2744	0.2613	0.2874	0.2685	0.3238	0.2731	0.28497663	0.10681935	-0.33010942
34.5	117.5	78.08850300409506	29.89575217673424	0.0778	0.0974	0.131	0.1524	0.192	0.2314	0.2527	0.2602	0.269	0.2685	0.2998	0.2561	0.26127	0.07071431	-0.33026585
35.5	117.5	78.08859524378984	29.89575217673424	0.0778	0.091	0.1246	0.1408	0.192	0.2314	0.2527	0.2432	0.269	0.2685	0.2998	0.2561	0.26666668	0.10423573	-0.32245785
36.5	117.5	78.0886874834846	29.89575217673424	0.0755	0.0774	0.1198	0.1282	0.1745	0.211	0.2261	0.2241	0.2416	0.2685	0.2786	0.2415	0.2722112	0.10841459	-0.3032858
37.5	117.5	78.08877972317939	29.89575217673424	0.0755	0.0774	0.1198	0.1282	0.1745	0.211	0.2261	0.2241	0.2416	0.2685	0.2786	0.2415	0.2722112	0.10841459	-0.3032858
63.5	117.5	78.09117795524358	29.89575217673424	0.0913	0.1144	0.1418	0.1462	0.1843	0.2165	0.2319	0.2365	0.2431	0.2702	0.2465	0.1847	0.23595504	0.020703945	-0.25033042
64.5	117.5	78.09127019493835	29.89575217673424	0.0913	0.1023	0.1262	0.1396	0.1843	0.2165	0.2319	0.2207	0.2431	0.2702	0.2465	0.1847	0.22509022	0.055222612	-0.27241278
65.5	117.5	78.09136243463313	29.89575217673424	0.0913	0.1023	0.1262	0.1396	0.1843	0.2165	0.2319	0.2207	0.2431	0.2702	0.2465	0.1847	0.22509022	0.055222612	-0.27241278
66.5	117.5	78.0914546743279	29.89575217673424	0.0874	0.1006	0.1266	0.1356	0.1657	0.2038	0.2331	0.2292	0.2352	0.2481	0.2373	0.1717	0.25657895	0.01736332	-0.28836426
67.5	117.5	78.09154691402269	29.89575217673424	0.0874	0.0955	0.1178	0.1226	0.1657	0.2038	0.2331	0.2524	0.2352	0.2481	0.2373	0.1717	0.34613335	-0.03083524	-0.3635873
68.5	117.5	78.09163915371745	29.89575217673424	0.0817	0.1004	0.1252	0.1284	0.1628	0.2076	0.2418	0.264	0.2373	0.2481	0.2334	0.1722	0.34556577	-0.061519895	-0.35662895
69.5	117.5	78.09173139341223	29.89575217673424	0.0817	0.1084	0.1344	0.1412	0.1628	0.2076	0.2418	0.2446	0.2373	0.2481	0.2334	0.1722	0.2680145	-0.023430953	-0.2907652
109.5	117.5	78.09542098120329	29.89575217673424	0.0488	0.064	0.0888	0.096	0.1324	0.1745	0.2004	0.2012	0.2192	0.2686	0.2427	0.1666	0.35397038	0.093489535	-0.3875862
110.5	117.5	78.09551322089807	29.89575217673424	0.0482	0.0589	0.0857	0.098	0.1299	0.1741	0.1917	0.1933	0.21	0.2686	0.2505	0.1739	0.32715413	0.1288869	-0.3856631
111.5	117.5	78.09560546059285	29.89575217673424	0.0482	0.0589	0.0857	0.098	0.1299	0.1741	0.1917	0.1933	0.21	0.2686	0.2505	0.1739	0.32715413	0.1288869	-0.3856631
112.5	117.5	78.09569770028763	29.89575217673424	0.0482	0.0612	0.0863	0.0972	0.1299	0.1741	0.1917	0.1992	0.21	0.2686	0.2505	0.1739	0.34412956	0.114076026	-0.3954466
113.5	117.5	78.0957899399824	29.89575217673424	0.0477	0.0637	0.0888	0.1007	0.1302	0.1759	0.1931	0.2026	0.2176	0.2246	0.2503	0.1757	0.335971	0.105321236	-0.3905285
114.5	117.5	78.09588217967718	29.89575217673424	0.0477	0.062	0.0888	0.1009	0.1302	0.1759	0.1931	0.2032	0.2176	0.2246	0.2503	0.1757	0.33640248	0.10385886	-0.39178082
30.5	118.5	78.08813404531595	29.895659937039465	0.077	0.1248	0.1774	0.207	0.2579	0.3041	0.3214	0.3196	0.3456	0.3337	0.3722	0.3277	0.21382451	0.07603358	-0.2861167
31.5	118.5	78.08822628501073	29.895659937039465	0.077	0.1256	0.1794	0.2036	0.2579	0.3041	0.3214	0.3268	0.3456	0.3337	0.3722	0.3277	0.2322775	0.06494996	-0.29118925
32.5	118.5	78.0883185247055	29.895659937039465	0.078	0.1232	0.1712	0.192	0.2281	0.2836	0.3023	0.3232	0.3243	0.2685	0.3435	0.2982	0.25465837	0.03044848	-0.30744332
33.5	118.5	78.08841076440028	29.895659937039465	0.078	0.1046	0.147	0.1672	0.2281	0.2836	0.3023	0.3046	0.3243	0.2685	0.3435	0.2982	0.2912251	0.060021583	-0.3489814
34.5	118.5	78.08850300409506	29.895659937039465	0.078	0.0892	0.1262	0.1426	0.1775	0.234	0.2501	0.2696	0.2694	0.2685	0.2849	0.2459	0.30810288	0.027592435	-0.36230418
35.5	118.5	78.08859524378984	29.895659937039465	0.078	0.0749	0.114	0.1204	0.1775	0.234	0.2501	0.2414	0.2694	0.2685	0.2849	0.2459	0.33443895	0.08265249	-0.35846934
36.5	118.5	78.0886874834846	29.895659937039465	0.076	0.0814	0.1082	0.1246	0.1588	0.2097	0.2311	0.2365	0.247	0.2685	0.2607	0.2211	0.30988646	0.048672553	-0.3722077
62.5	118.5	78.0910857155488	29.895659937039465	0.0957	0.136	0.1552	0.1716	0.1987	0.2316	0.2502	0.2666	0.2724	0.2702	0.2714	0.2021	0.21679601	0.0089219175	-0.2641062
63.5	118.5	78.09117795524358	29.895659937039465	0.0944	0.1118	0.1394	0.1466	0.1812	0.2088	0.2317	0.2281	0.2411	0.2702	0.2543	0.1878	0.21750736	0.054311767	-0.24136053
64.5	118.5	78.09127019493835	29.895659937039465	0.0913	0.1228	0.1396	0.1594	0.1843	0.2165	0.2319	0.2391	0.2431	0.2702	0.2465	0.1847	0.19999999	0.015238892	-0.26274097
65.5	118.5	78.09136243463313	29.895659937039465	0.0913	0.1228	0.1396	0.1594	0.1843	0.2165	0.2319	0.2391	0.2431	0.2702	0.2465	0.1847	0.19999999	0.015238892	-0.26274097
66.5	118.5	78.0914546743279	29.895659937039465	0.0874	0.1228	0.1346	0.1482	0.1657	0.2038	0.2331	0.2332	0.2352	0.2481	0.2373	0.1717	0.22286312	0.008714124	-0.26808047
67.5	118.5	78.09154691402269	29.895659937039465	0.0874	0.1028	0.1134	0.1272	0.1657	0.2038	0.2331	0.2114	0.2352	0.2481	0.2373	0.1717	0.24867098	0.05772229	-0.30172417
68.5	118.5	78.09163915371745	29.895659937039465	0.0817	0.0946	0.1114	0.125	0.1628	0.2076	0.2418	0.2042	0.2373	0.2481	0.2334	0.1722	0.24058323	0.06672761	-0.2940431
69.5	118.5	78.09173139341223	29.895659937039465	0.0817	0.1092	0.1266	0.1488	0.1628	0.2076	0.2418	0.2357	0.2373	0.2481	0.2334	0.1722	0.22600779	-0.0049029933	-0.30113167
70.5	118.5	78.09182363310701	29.895659937039465	0.0743	0.1238	0.1444	0.16	0.1806	0.2109	0.2313	0.2432	0.2346	0.2481	0.2482	0.189	0.20634922	0.010175	-0.25490198
109.5	118.5	78.09542098120329	29.895659937039465	0.0517	0.065	0.0914	0.0986	0.1371	0.2197	0.2476	0.207	0.2724	0.2686	0.2363	0.163	0.35471204	0.0660952	-0.3873995
110.5	118.5	78.09551322089807	29.895659937039465	0.0511	0.0648	0.0868	0.0975	0.142	0.1875	0.2092	0.2044	0.2288	0.2686	0.2488	0.1766	0.35409078	0.09796997	-0.40384614
111.5	118.5	78.09560546059285	29.895659937039465	0.0511	0.0648	0.0868	0.0975	0.142	0.1875	0.2092	0.2044	0.2288	0.2686	0.2488	0.1766	0.35409078	0.09796997	-0.40384614
112.5	118.5	78.09569770028763	29.895659937039465	0.0511	0.062	0.0866	0.0976	0.142	0.1875	0.2092	0.2024	0.2288	0.2686	0.2488	0.1766	0.34933335	0.10283687	-0.40069205
113.5	118.5	78.0957899399824	29.895659937039465	0.0503	0.066	0.0882	0.1008	0.135	0.1778	0.1975	0.1974	0.2147	0.2246	0.2477	0.1723	0.32394367	0.11300831	-0.38235295
114.5	118.5	78.09588217967718	29.895659937039465	0.0503	0.0624	0.0886	0.097	0.135	0.1778	0.1975	0.2046	0.2147	0.2246	0.2477	0.1723	0.35676393	0.095290735	-0.39563438
29.5	119.5	78.08804180562117	29.89556769734469	0.0739	0.129	0.1714	0.2038	0.2285	0.2915	0.318	0.32	0.3364	0.3337	0.3509	0.2916	0.2218404	0.046057537	-0.3024013
30.5	119.5	78.08813404531595	29.89556769734469	0.077	0.1312	0.1804	0.208	0.2579	0.3041	0.3214	0.3264	0.3456	0.3337	0.3722	0.3277	0.22155689	0.06555969	-0.2880821
31.5	119.5	78.08822628501073	29.89556769734469	0.077	0.1232	0.1774	0.2082	0.2579	0.3041	0.3214	0.3308	0.3456	0.3337	0.3722	0.3277	0.22745827	0.05889049	-0.3018497
32.5	119.5	78.0883185247055	29.89556769734469	0.078	0.1206	0.1716	0.2006	0.2281	0.2836	0.3023	0.3228	0.3243	0.2685	0.3435	0.2982	0.23347346	0.031067053	-0.30582526
33.5	119.5	78.08841076440028	29.89556769734469	0.078	0.115	0.1642	0.1842	0.2281	0.2836	0.3023	0.3124	0.3243	0.2685	0.3435	0.2982	0.25815547	0.047415726	-0.31095263
34.5	119.5	78.08850300409506	29.89556769734469	0.078	0.0964	0.134	0.1502	0.1775	0.234	0.2501	0.2821	0.2694	0.2685	0.2849	0.2459	0.30511218	0.0049383026	-0.35592404
35.5	119.5	78.08859524378984	29.89556769734469	0.078	0.0824	0.1224	0.1298	0.1775	0.234	0.2501	0.2474	0.2694	0.2685	0.2849	0.2459	0.31177092	0.07044901	-0.33802056
36.5	119.5	78.0886874834846	29.89556769734469	0.076	0.0922	0.1204	0.1412	0.1588	0.2097	0.2311	0.216	0.247	0.2685	0.2607	0.2211	0.20940648	0.09376963	-0.28418553
61.5	119.5	78.09099347585402	29.89556769734469	0.0957	0.14	0.1646	0.174	0.1987	0.2316	0.2502	0.26	0.2724	0.2702	0.2714	0.2021	0.19815668	0.021452794	-0.22468203
62.5	119.5	78.0910857155488	29.89556769734469	0.0957	0.1284	0.1448	0.1598	0.1987	0.2316	0.2502	0.2445	0.2724	0.2702	0.2714	0.2021	0.20949791	0.052141905	-0.25610065
63.5	119.5	78.09117795524358	29.89556769734469	0.0944	0.1152	0.1326	0.1432	0.1812	0.2088	0.2317	0.2197	0.2411	0.2702	0.2543	0.1878	0.21080187	0.07299579	-0.24723248
64.5	119.5	78.09127019493835	29.89556769734469	0.0944	0.117	0.1308	0.1466	0.1812	0.2088	0.2317	0.2211	0.2411	0.2702	0.2543	0.1878	0.20261085	0.069835916	-0.25660703
65.5	119.5	78.09136243463313	29.89556769734469	0.0944	0.1134	0.1366	0.1528	0.1812	0.2088	0.2317	0.2298	0.2411	0.2702	0.2543	0.1878	0.20125459	0.050609373	-0.25436682
66.5	119.5	78.0914546743279	29.89556769734469	0.0891	0.1174	0.148	0.1578	0.1763	0.2031	0.2132	0.233	0.2373	0.2481	0.2382	0.1793	0.19242577	0.011035651	-0.2230971
110.5	119.5	78.09551322089807	29.89556769734469	0.0511	0.0736	0.101	0.1078	0.142	0.1875	0.2092	0.2283	0.2288	0.2686	0.2488	0.1766	0.35852426	0.042967908	-0.38657758
111.5	119.5	78.09560546059285	29.89556769734469	0.0511	0.0736	0.101	0.1078	0.142	0.1875	0.2092	0.2283	0.2288	0.2686	0.2488	0.1766	0.35852426	0.042967908	-0.38657758
112.5	119.5	78.09569770028763	29.89556769734469	0.0511	0.0664	0.0941	0.1048	0.142	0.1875	0.2092	0.2131	0.2288	0.2686	0.2488	0.1766	0.34067318	0.07728944	-0.3873698
113.5	119.5	78.0957899399824	29.89556769734469	0.0503	0.0648	0.0884	0.1048	0.135	0.1778	0.1975	0.2009	0.2147	0.2246	0.2477	0.1723	0.3143605	0.10432457	-0.3888697
29.5	120.5	78.08804180562117	29.895475457649912	0.0725	0.1258	0.1758	0.1974	0.2484	0.3023	0.3172	0.3256	0.3385	0.318	0.3589	0.3037	0.24512427	0.048648667	-0.29876348
30.5	120.5	78.08813404531595	29.895475457649912	0.0754	0.129	0.1782	0.206	0.252	0.3009	0.3222	0.328	0.3398	0.318	0.3753	0.3301	0.22846442	0.06725434	-0.29593045
31.5	120.5	78.08822628501073	29.895475457649912	0.0754	0.1294	0.1754	0.2104	0.252	0.3009	0.3222	0.328	0.3398	0.318	0.3753	0.3301	0.21842498	0.06725434	-0.30313867
32.5	120.5	78.0883185247055	29.895475457649912	0.0765	0.1184	0.1724	0.1918	0.2165	0.262	0.2879	0.3096	0.3005	0.2771	0.3317	0.2887	0.23494215	0.034461252	-0.28464732
33.5	120.5	78.08841076440028	29.895475457649912	0.0765	0.1018	0.147	0.1596	0.2165	0.262	0.2879	0.283	0.3005	0.2771	0.3317	0.2887	0.278807	0.079225644	-0.31627905
34.5	120.5	78.08850300409506	29.895475457649912	0.0764	0.0971	0.1294	0.1478	0.1728	0.2144	0.2356	0.2564	0.2483	0.2771	0.2851	0.2505	0.26867884	0.053000968	-0.32918608
35.5	120.5	78.08859524378984	29.895475457649912	0.0764	0.0932	0.1238	0.1434	0.1728	0.2144	0.2356	0.226	0.2483	0.2771	0.2851	0.2505	0.22360584	0.11563298	-0.29216695
36.5	120.5	78.0886874834846	29.895475457649912	0.0744	0.0918	0.1244	0.1482	0.1566	0.2132	0.2457	0.2202	0.258	0.2771	0.2695	0.2224	0.19543973	0.100673854	-0.27800348
60.5	120.5	78.09090123615924	29.895475457649912	0.0936	0.1422	0.169	0.182	0.2058	0.2389	0.2538	0.2686	0.266	0.2646	0.2756	0.2104	0.19218817	0.012862917	-0.22760509
61.5	120.5	78.09099347585402	29.895475457649912	0.0985	0.1266	0.1504	0.1576	0.1928	0.22	0.235	0.2478	0.2542	0.2646	0.2706	0.2024	0.22249629	0.04398148	-0.2446007
62.5	120.5	78.0910857155488	29.895475457649912	0.0985	0.1234	0.1392	0.1568	0.1928	0.22	0.235	0.2403	0.2542	0.2646	0.2706	0.2024	0.21027449	0.05930709	-0.26640317
63.5	120.5	78.09117795524358	29.895475457649912	0.0958	0.1328	0.1488	0.1644	0.1871	0.2209	0.2355	0.2398	0.2486	0.2646	0.2531	0.1934	0.18654133	0.026983164	-0.23417397
110.5	120.5	78.09551322089807	29.895475457649912	0.0548	0.0848	0.1224	0.1216	0.1699	0.2366	0.2623	0.2601	0.2729	0.2686	0.2746	0.2063	0.3628504	0.027117996	-0.36
111.5	120.5	78.09560546059285	29.895475457649912	0.0548	0.0738	0.1098	0.1164	0.1699	0.2366	0.2623	0.2391	0.2729	0.2686	0.2746	0.2063	0.34514767	0.06910649	-0.37059328
112.5	120.5	78.09569770028763	29.895475457649912	0.0548	0.0738	0.1098	0.1164	0.1699	0.2366	0.2623	0.2391	0.2729	0.2686	0.2746	0.2063	0.34514767	0.06910649	-0.37059328
113.5	120.5	78.0957899399824	29.895475457649912	0.0548	0.0657	0.0932	0.1106	0.1468	0.204	0.2308	0.221	0.2484	0.2246	0.2633	0.1875	0.33293125	0.08734256	-0.4067473
30.5	121.5	78.08813404531595	29.895383217955136	0.0754	0.125	0.176	0.2018	0.252	0.3009	0.3222	0.3232	0.3398	0.318	0.3753	0.3301	0.23123807	0.07458841	-0.29487178
31.5	121.5	78.08822628501073	29.895383217955136	0.0754	0.1286	0.1742	0.2038	0.252	0.3009	0.3222	0.3244	0.3398	0.318	0.3753	0.3301	0.22832264	0.072745435	-0.30124348
32.5	121.5	78.0883185247055	29.895383217955136	0.0765	0.112	0.162	0.1786	0.2165	0.262	0.2879	0.3074	0.3005	0.2771	0.3317	0.2887	0.26502055	0.038022235	-0.3097571
33.5	121.5	78.08841076440028	29.895383217955136	0.0765	0.0942	0.1266	0.1484	0.2165	0.262	0.2879	0.2589	0.3005	0.2771	0.3317	0.2887	0.2712988	0.1232645	-0.34319064
34.5	121.5	78.08850300409506	29.895383217955136	0.0764	0.0926	0.125	0.1474	0.1728	0.2144	0.2356	0.2307	0.2483	0.2771	0.2851	0.2505	0.22031207	0.10546725	-0.29716054
35.5	121.5	78.08859524378984	29.895383217955136	0.0764	0.0969	0.129	0.1524	0.1728	0.2144	0.2356	0.2228	0.2483	0.2771	0.2851	0.2505	0.18763326	0.12266196	-0.2666288
36.5	121.5	78.0886874834846	29.895383217955136	0.0744	0.0944	0.1228	0.1416	0.1566	0.2132	0.2457	0.225	0.258	0.2771	0.2695	0.2224	0.22749591	0.08998988	-0.29384702
110.5	121.5	78.09551322089807	29.895383217955136	0.0548	0.0868	0.1284	0.1316	0.1699	0.2366	0.2623	0.2895	0.2729	0.2686	0.2746	0.2063	0.3749703	-0.026413755	-0.38549894
111.5	121.5	78.09560546059285	29.895383217955136	0.0548	0.0862	0.126	0.1272	0.1699	0.2366	0.2623	0.2745	0.2729	0.2686	0.2746	0.2063	0.36669156	1.8209213E-4	-0.37078652
112.5	121.5	78.09569770028763	29.895383217955136	0.0548	0.0862	0.126	0.1272	0.1699	0.2366	0.2623	0.2745	0.2729	0.2686	0.2746	0.2063	0.36669156	1.8209213E-4	-0.37078652
113.5	121.5	78.0957899399824	29.895383217955136	0.0548	0.0772	0.1152	0.1152	0.1468	0.204	0.2308	0.2574	0.2484	0.2246	0.2633	0.1875	0.38164252	0.011330892	-0.38164252
30.5	122.5	78.08813404531595	29.89529097826036	0.0728	0.125	0.175	0.197	0.221	0.2712	0.2921	0.3217	0.3103	0.318	0.3381	0.296	0.24040873	0.024855986	-0.29534933
31.5	122.5	78.08822628501073	29.89529097826036	0.0728	0.1186	0.1682	0.1904	0.221	0.2712	0.2921	0.308	0.3103	0.318	0.3381	0.296	0.23595504	0.0465872	-0.29357412
32.5	122.5	78.0883185247055	29.89529097826036	0.0739	0.0985	0.1444	0.1586	0.1914	0.2243	0.2373	0.268	0.2514	0.2771	0.3009	0.2622	0.25644633	0.05783091	-0.29970902
33.5	122.5	78.08841076440028	29.89529097826036	0.0739	0.0892	0.123	0.1524	0.1914	0.2243	0.2373	0.2362	0.2514	0.2771	0.3009	0.2622	0.21564591	0.12046175	-0.31514478
34.5	122.5	78.08850300409506	29.89529097826036	0.0733	0.0934	0.1308	0.1512	0.1718	0.2063	0.2253	0.2253	0.2471	0.2771	0.2858	0.2481	0.19681276	0.11837216	-0.26537493
35.5	122.5	78.08859524378984	29.89529097826036	0.0733	0.0932	0.1286	0.1512	0.1718	0.2063	0.2253	0.2286	0.2471	0.2771	0.2858	0.2481	0.20379147	0.11119754	-0.27995518
