Pixel-X	Pixel-Y	Longitude	Latitude	B1	B2	B3	B4	B5	B6	B7	B8	B8A	B9	B11	B12	NDVI	NDBI	NDWI
102.5	17.5	78.09477530333986	29.904976146211887	0.0382	0.0416	0.0688	0.0493	0.09	0.2364	0.2892	0.2973	0.3125	0.3283	0.1558	0.0785	0.7155222	-0.3122931	-0.6241464
103.5	17.5	78.09486754303464	29.904976146211887	0.0382	0.0402	0.0695	0.052	0.09	0.2364	0.2892	0.3245	0.3125	0.3283	0.1558	0.0785	0.7237716	-0.35123882	-0.6472081
104.5	17.5	78.09495978272942	29.904976146211887	0.0382	0.0402	0.0695	0.052	0.09	0.2364	0.2892	0.3245	0.3125	0.3283	0.1558	0.0785	0.7237716	-0.35123882	-0.6472081
102.5	18.5	78.09477530333986	29.90488390651711	0.0335	0.0385	0.0618	0.0492	0.0876	0.2438	0.3001	0.2909	0.331	0.3283	0.1623	0.0842	0.71067333	-0.2837599	-0.6495605
103.5	18.5	78.09486754303464	29.90488390651711	0.0335	0.0398	0.0628	0.0508	0.0876	0.2438	0.3001	0.3188	0.331	0.3283	0.1623	0.0842	0.7251082	-0.3252962	-0.6708596
104.5	18.5	78.09495978272942	29.90488390651711	0.0335	0.0398	0.0628	0.0508	0.0876	0.2438	0.3001	0.3188	0.331	0.3283	0.1623	0.0842	0.7251082	-0.3252962	-0.6708596
105.5	18.5	78.09505202242418	29.90488390651711	0.0351	0.0366	0.0611	0.0474	0.0869	0.2493	0.3047	0.3132	0.3362	0.3283	0.1624	0.0814	0.73710483	-0.31707314	-0.6735239
101.5	19.5	78.09468306364508	29.904791666822334	0.0336	0.0404	0.0642	0.0483	0.0981	0.256	0.3053	0.3017	0.33	0.2939	0.1607	0.0833	0.724	-0.3049308	-0.64908445
102.5	19.5	78.09477530333986	29.904791666822334	0.0335	0.0413	0.0571	0.0483	0.0876	0.2438	0.3001	0.2979	0.331	0.3283	0.1623	0.0842	0.7209705	-0.29465446	-0.67830986
103.5	19.5	78.09486754303464	29.904791666822334	0.0335	0.038	0.058	0.0474	0.0876	0.2438	0.3001	0.3119	0.331	0.3283	0.1623	0.0842	0.7361536	-0.31547868	-0.6864017
104.5	19.5	78.09495978272942	29.904791666822334	0.0335	0.038	0.058	0.0474	0.0876	0.2438	0.3001	0.3119	0.331	0.3283	0.1623	0.0842	0.7361536	-0.31547868	-0.6864017
105.5	19.5	78.09505202242418	29.904791666822334	0.0351	0.0361	0.0591	0.0459	0.0869	0.2493	0.3047	0.3164	0.3362	0.3283	0.1624	0.0814	0.7466188	-0.3216374	-0.6852197
106.5	19.5	78.09514426211896	29.904791666822334	0.0351	0.0352	0.0592	0.0453	0.0869	0.2493	0.3047	0.314	0.3362	0.3283	0.1624	0.0814	0.747843	-0.31822	-0.68274385
101.5	20.5	78.09468306364508	29.904699427127557	0.0305	0.0381	0.058	0.0475	0.0916	0.2582	0.3124	0.3145	0.3382	0.2939	0.1674	0.0888	0.7375691	-0.30525005	-0.6885906
102.5	20.5	78.09477530333986	29.904699427127557	0.0305	0.0408	0.0602	0.0473	0.0861	0.2491	0.3077	0.3188	0.3406	0.3283	0.167	0.0879	0.74160063	-0.31247428	-0.6823219
103.5	20.5	78.09486754303464	29.904699427127557	0.0305	0.0413	0.06	0.0482	0.0861	0.2491	0.3077	0.3232	0.3406	0.3283	0.167	0.0879	0.74044156	-0.31864545	-0.68684757
104.5	20.5	78.09495978272942	29.904699427127557	0.0318	0.038	0.057	0.0476	0.0865	0.2481	0.3051	0.3184	0.3365	0.3283	0.1635	0.0843	0.7398907	-0.321436	-0.69632393
105.5	20.5	78.09505202242418	29.904699427127557	0.0318	0.038	0.057	0.0476	0.0865	0.2481	0.3051	0.3184	0.3365	0.3283	0.1635	0.0843	0.7398907	-0.321436	-0.69632393
106.5	20.5	78.09514426211896	29.904699427127557	0.0318	0.039	0.059	0.0472	0.0865	0.2481	0.3051	0.3136	0.3365	0.3283	0.1635	0.0843	0.7383592	-0.3146091	-0.6833065
107.5	20.5	78.09523650181374	29.904699427127557	0.0359	0.0376	0.0602	0.0469	0.0839	0.2443	0.2983	0.3189	0.3305	0.3283	0.1638	0.0833	0.7435757	-0.32131758	-0.6824057
100.5	21.5	78.09459082395031	29.90460718743278	0.0305	0.0416	0.06	0.0448	0.0916	0.2582	0.3124	0.3262	0.3382	0.2939	0.1674	0.0888	0.75849056	-0.321718	-0.68928015
101.5	21.5	78.09468306364508	29.90460718743278	0.0305	0.0389	0.0601	0.0465	0.0916	0.2582	0.3124	0.3232	0.3382	0.2939	0.1674	0.0888	0.7484447	-0.3175703	-0.6864075
102.5	21.5	78.09477530333986	29.90460718743278	0.0305	0.0376	0.0625	0.0492	0.0861	0.2491	0.3077	0.3188	0.3406	0.3283	0.167	0.0879	0.7326087	-0.31247428	-0.67217416
103.5	21.5	78.09486754303464	29.90460718743278	0.0305	0.0419	0.0582	0.049	0.0861	0.2491	0.3077	0.3243	0.3406	0.3283	0.167	0.0879	0.7374766	-0.32017097	-0.6956863
104.5	21.5	78.09495978272942	29.90460718743278	0.0318	0.0395	0.059	0.0463	0.0865	0.2481	0.3051	0.3192	0.3365	0.3283	0.1635	0.0843	0.74664843	-0.3225606	-0.6879958
105.5	21.5	78.09505202242418	29.90460718743278	0.0318	0.0395	0.059	0.0463	0.0865	0.2481	0.3051	0.3192	0.3365	0.3283	0.1635	0.0843	0.74664843	-0.3225606	-0.6879958
106.5	21.5	78.09514426211896	29.90460718743278	0.0318	0.038	0.0568	0.0463	0.0865	0.2481	0.3051	0.3157	0.3365	0.3283	0.1635	0.0843	0.74419886	-0.31761268	-0.69503355
107.5	21.5	78.09523650181374	29.90460718743278	0.0359	0.0382	0.0586	0.0469	0.0839	0.2443	0.2983	0.3125	0.3305	0.3283	0.1638	0.0833	0.73900944	-0.3121982	-0.68418217
108.5	21.5	78.09532874150852	29.90460718743278	0.0359	0.039	0.0582	0.0475	0.0839	0.2443	0.2983	0.3133	0.3305	0.3283	0.1638	0.0833	0.73669624	-0.3133515	-0.68667567
100.5	22.5	78.09459082395031	29.904514947738004	0.03	0.0391	0.0612	0.0466	0.0875	0.2524	0.3043	0.3223	0.3345	0.3376	0.1663	0.0863	0.747357	-0.31927955	-0.6808344
101.5	22.5	78.09468306364508	29.904514947738004	0.03	0.0367	0.0628	0.047	0.0875	0.2524	0.3043	0.3159	0.3345	0.3376	0.1663	0.0863	0.7409755	-0.3102447	-0.6683391
102.5	22.5	78.09477530333986	29.904514947738004	0.0291	0.0332	0.061	0.0494	0.0878	0.25	0.3019	0.3152	0.3371	0.3416	0.1669	0.0875	0.7290181	-0.30761254	-0.6757044
103.5	22.5	78.09486754303464	29.904514947738004	0.0291	0.0388	0.0597	0.0465	0.0878	0.25	0.3019	0.326	0.3371	0.3416	0.1669	0.0875	0.7503356	-0.32278356	-0.69043297
104.5	22.5	78.09495978272942	29.904514947738004	0.0299	0.0426	0.0598	0.0479	0.0883	0.2536	0.3045	0.3236	0.3382	0.3416	0.1651	0.086	0.7421265	-0.32432985	-0.68805426
105.5	22.5	78.09505202242418	29.904514947738004	0.0299	0.0426	0.0598	0.0479	0.0883	0.2536	0.3045	0.3236	0.3382	0.3416	0.1651	0.086	0.7421265	-0.32432985	-0.68805426
106.5	22.5	78.09514426211896	29.904514947738004	0.0299	0.0355	0.0608	0.0479	0.0883	0.2536	0.3045	0.3204	0.3382	0.3416	0.1651	0.086	0.739886	-0.31987643	-0.6810073
107.5	22.5	78.09523650181374	29.904514947738004	0.0326	0.038	0.0602	0.0474	0.085	0.2481	0.3033	0.3177	0.3322	0.3416	0.1641	0.085	0.7403451	-0.31880447	-0.6813972
108.5	22.5	78.09532874150852	29.904514947738004	0.0326	0.0364	0.0582	0.0454	0.085	0.2481	0.3033	0.3152	0.3322	0.3416	0.1641	0.085	0.74819744	-0.31525138	-0.68827
109.5	22.5	78.09542098120329	29.904514947738004	0.0364	0.036	0.057	0.0472	0.0865	0.2501	0.3073	0.3219	0.3367	0.3496	0.1647	0.0859	0.7442427	-0.32305795	-0.69912905
101.5	23.5	78.09468306364508	29.904422708043228	0.03	0.0363	0.0619	0.0462	0.0875	0.2524	0.3043	0.3107	0.3345	0.3376	0.1663	0.0863	0.74110395	-0.30272537	-0.6677402
102.5	23.5	78.09477530333986	29.904422708043228	0.0291	0.0367	0.0604	0.0479	0.0878	0.25	0.3019	0.3086	0.3371	0.3416	0.1669	0.0875	0.73127633	-0.29800212	-0.6726287
103.5	23.5	78.09486754303464	29.904422708043228	0.0291	0.0401	0.059	0.0478	0.0878	0.25	0.3019	0.3168	0.3371	0.3416	0.1669	0.0875	0.7377948	-0.30990285	-0.6860032
104.5	23.5	78.09495978272942	29.904422708043228	0.0299	0.0434	0.0594	0.0476	0.0883	0.2536	0.3045	0.3164	0.3382	0.3416	0.1651	0.086	0.73846155	-0.3142264	-0.68387437
105.5	23.5	78.09505202242418	29.904422708043228	0.0299	0.0434	0.0594	0.0476	0.0883	0.2536	0.3045	0.3164	0.3382	0.3416	0.1651	0.086	0.73846155	-0.3142264	-0.68387437
106.5	23.5	78.09514426211896	29.904422708043228	0.0299	0.0424	0.0648	0.0467	0.0883	0.2536	0.3045	0.3167	0.3382	0.3416	0.1651	0.086	0.7429829	-0.31465343	-0.66028833
107.5	23.5	78.09523650181374	29.904422708043228	0.0326	0.0396	0.0592	0.0452	0.085	0.2481	0.3033	0.3264	0.3322	0.3416	0.1641	0.085	0.75672764	-0.33088684	-0.6929461
108.5	23.5	78.09532874150852	29.904422708043228	0.0326	0.0382	0.0585	0.044	0.085	0.2481	0.3033	0.3132	0.3322	0.3416	0.1641	0.085	0.7536394	-0.31238213	-0.68523
109.5	23.5	78.09542098120329	29.904422708043228	0.0364	0.0361	0.0609	0.0459	0.0865	0.2501	0.3073	0.3099	0.3367	0.3496	0.1647	0.0859	0.74198985	-0.30594182	-0.671521
102.5	24.5	78.09477530333986	29.90433046834845	0.0299	0.0425	0.0579	0.0472	0.0884	0.2407	0.2937	0.2955	0.3211	0.3416	0.167	0.0866	0.7245404	-0.27783787	-0.67232597
103.5	24.5	78.09486754303464	29.90433046834845	0.0299	0.0393	0.0565	0.0475	0.0884	0.2407	0.2937	0.2967	0.3211	0.3416	0.167	0.0866	0.72399765	-0.27970672	-0.68006796
104.5	24.5	78.09495978272942	29.90433046834845	0.0299	0.0395	0.0585	0.0469	0.0902	0.2507	0.2991	0.3022	0.3283	0.3416	0.1678	0.0861	0.73130906	-0.28595746	-0.6756307
105.5	24.5	78.09505202242418	29.90433046834845	0.0299	0.0395	0.0603	0.0466	0.0902	0.2507	0.2991	0.3156	0.3283	0.3416	0.1678	0.0861	0.7426836	-0.30575097	-0.67917
106.5	24.5	78.09514426211896	29.90433046834845	0.0299	0.0395	0.0603	0.0466	0.0902	0.2507	0.2991	0.3156	0.3283	0.3416	0.1678	0.0861	0.7426836	-0.30575097	-0.67917
107.5	24.5	78.09523650181374	29.90433046834845	0.032	0.0408	0.0614	0.0464	0.0894	0.2556	0.3164	0.3332	0.3498	0.3416	0.168	0.0862	0.75553215	-0.32960895	-0.6887988
102.5	25.5	78.09477530333986	29.904238228653675	0.0299	0.0413	0.0584	0.0482	0.0884	0.2407	0.2937	0.2977	0.3211	0.3416	0.167	0.0866	0.72130674	-0.2812567	-0.67200226
103.5	25.5	78.09486754303464	29.904238228653675	0.0299	0.0366	0.0592	0.0482	0.0884	0.2407	0.2937	0.3002	0.3211	0.3416	0.167	0.0866	0.72330654	-0.28510273	-0.670562
104.5	25.5	78.09495978272942	29.904238228653675	0.0299	0.038	0.0603	0.0474	0.0902	0.2507	0.2991	0.3042	0.3283	0.3416	0.1678	0.0861	0.7303754	-0.28898305	-0.6691358
105.5	25.5	78.09505202242418	29.904238228653675	0.0299	0.0389	0.0604	0.0464	0.0902	0.2507	0.2991	0.3176	0.3283	0.3416	0.1678	0.0861	0.74505496	-0.30861148	-0.68042326
106.5	25.5	78.09514426211896	29.904238228653675	0.0299	0.0389	0.0604	0.0464	0.0902	0.2507	0.2991	0.3176	0.3283	0.3416	0.1678	0.0861	0.74505496	-0.30861148	-0.68042326
103.5	26.5	78.09486754303464	29.9041459889589	0.0335	0.0369	0.0596	0.049	0.0875	0.2472	0.2971	0.3153	0.3321	0.3416	0.1705	0.0896	0.73099095	-0.29806504	-0.68204856
104.5	26.5	78.09495978272942	29.9041459889589	0.0332	0.0376	0.0634	0.0488	0.0883	0.2533	0.2985	0.3168	0.3338	0.3416	0.1698	0.0873	0.7330416	-0.3020962	-0.6664913
103.5	27.5	78.09486754303464	29.904053749264122	0.0335	0.0398	0.0589	0.0472	0.0875	0.2472	0.2971	0.3179	0.3321	0.3416	0.1705	0.0896	0.7414407	-0.30180183	-0.6873673
7.5	29.5	78.0860125323361	29.90386926987457	0.039	0.0472	0.0761	0.0615	0.0983	0.2922	0.3588	0.3056	0.3869	0.2977	0.1855	0.0956	0.66494143	-0.24455303	-0.6012575
8.5	29.5	78.08610477203086	29.90386926987457	0.0389	0.0506	0.0735	0.0601	0.1013	0.2363	0.2761	0.2822	0.3092	0.2955	0.1749	0.0928	0.64884603	-0.23474078	-0.5867304
6.5	30.5	78.08592029264132	29.903777030179793	0.039	0.0442	0.073	0.0541	0.0983	0.2922	0.3588	0.4092	0.3869	0.2977	0.1855	0.0956	0.76645803	-0.37615606	-0.6972211
7.5	30.5	78.0860125323361	29.903777030179793	0.039	0.0504	0.0771	0.0566	0.0983	0.2922	0.3588	0.362	0.3869	0.2977	0.1855	0.0956	0.72957474	-0.32237443	-0.64882714
8.5	30.5	78.08610477203086	29.903777030179793	0.0389	0.0542	0.075	0.059	0.1013	0.2363	0.2761	0.298	0.3092	0.2955	0.1749	0.0928	0.6694678	-0.26030877	-0.5978552
5.5	31.5	78.08582805294654	29.903684790485016	0.0392	0.0426	0.0754	0.0512	0.1024	0.3259	0.4097	0.4221	0.4269	0.3237	0.1923	0.0982	0.78364676	-0.37402344	-0.6968844
6.5	31.5	78.08592029264132	29.903684790485016	0.0392	0.0426	0.0754	0.0512	0.1024	0.3259	0.4097	0.4221	0.4269	0.3237	0.1923	0.0982	0.78364676	-0.37402344	-0.6968844
7.5	31.5	78.0860125323361	29.903684790485016	0.0392	0.0462	0.0782	0.0521	0.1024	0.3259	0.4097	0.406	0.4269	0.3237	0.1923	0.0982	0.7725387	-0.35717866	-0.67699295
8.5	31.5	78.08610477203086	29.903684790485016	0.0386	0.0524	0.0766	0.0564	0.102	0.2609	0.3216	0.3496	0.3409	0.2956	0.1818	0.0941	0.7221675	-0.31576967	-0.64054435
4.5	32.5	78.08573581325176	29.90359255079024	0.0396	0.0488	0.0828	0.0575	0.1251	0.3006	0.3587	0.3832	0.3803	0.3237	0.1931	0.1081	0.7390515	-0.3298629	-0.6446352
5.5	32.5	78.08582805294654	29.90359255079024	0.0392	0.0463	0.0766	0.054	0.1024	0.3259	0.4097	0.4244	0.4269	0.3237	0.1923	0.0982	0.77424747	-0.37635803	-0.6942116
6.5	32.5	78.08592029264132	29.90359255079024	0.0392	0.0455	0.072	0.0536	0.1024	0.3259	0.4097	0.4207	0.4269	0.3237	0.1923	0.0982	0.7739827	-0.3725938	-0.7077329
7.5	32.5	78.0860125323361	29.90359255079024	0.0392	0.0455	0.072	0.0536	0.1024	0.3259	0.4097	0.4207	0.4269	0.3237	0.1923	0.0982	0.7739827	-0.3725938	-0.7077329
8.5	32.5	78.08610477203086	29.90359255079024	0.0386	0.0498	0.0733	0.0546	0.102	0.2609	0.3216	0.3836	0.3409	0.2956	0.1818	0.0941	0.7507987	-0.35691547	-0.67914206
9.5	32.5	78.08619701172564	29.90359255079024	0.0386	0.0468	0.0773	0.0608	0.102	0.2609	0.3216	0.3136	0.3409	0.2956	0.1818	0.0941	0.6752137	-0.26604766	-0.60450244
3.5	33.5	78.085643573557	29.903500311095463	0.0396	0.0525	0.0874	0.0704	0.1216	0.2459	0.2837	0.3008	0.3115	0.3237	0.1857	0.1033	0.62068963	-0.23658787	-0.54971665
4.5	33.5	78.08573581325176	29.903500311095463	0.0396	0.0514	0.0834	0.0658	0.1216	0.2459	0.2837	0.3168	0.3115	0.3237	0.1857	0.1033	0.6560376	-0.26089552	-0.5832084
5.5	33.5	78.08582805294654	29.903500311095463	0.0395	0.0476	0.0766	0.0552	0.1085	0.281	0.3386	0.3708	0.3634	0.3237	0.1879	0.1021	0.7408451	-0.32736707	-0.6575771
6.5	33.5	78.08592029264132	29.903500311095463	0.0395	0.042	0.0734	0.0554	0.1085	0.281	0.3386	0.3851	0.3634	0.3237	0.1879	0.1021	0.7484677	-0.34415358	-0.67982554
7.5	33.5	78.0860125323361	29.903500311095463	0.0395	0.042	0.0734	0.0554	0.1085	0.281	0.3386	0.3851	0.3634	0.3237	0.1879	0.1021	0.7484677	-0.34415358	-0.67982554
8.5	33.5	78.08610477203086	29.903500311095463	0.0389	0.0488	0.0738	0.0602	0.1033	0.2489	0.2833	0.3341	0.3131	0.2956	0.1837	0.0968	0.69464874	-0.29045966	-0.63814664
27.5	36.5	78.08785732623163	29.903223592011134	0.0347	0.0435	0.0566	0.0498	0.0817	0.2195	0.2691	0.2805	0.296	0.2955	0.1519	0.0822	0.6984559	-0.2974098	-0.6641946
28.5	36.5	78.0879495659264	29.903223592011134	0.0324	0.0389	0.0608	0.0478	0.0805	0.2195	0.2718	0.2756	0.297	0.3369	0.1502	0.0831	0.7043908	-0.29450446	-0.63852555
28.5	37.5	78.0879495659264	29.903131352316358	0.033	0.039	0.0618	0.0486	0.086	0.2384	0.2941	0.2969	0.316	0.3147	0.1606	0.0884	0.7186686	-0.29792348	-0.6554224
29.5	37.5	78.08804180562117	29.903131352316358	0.0324	0.0391	0.0597	0.0474	0.0805	0.2195	0.2718	0.2932	0.297	0.3369	0.1502	0.0831	0.72166765	-0.3225079	-0.6616605
30.5	37.5	78.08813404531595	29.903131352316358	0.0307	0.0392	0.0573	0.0464	0.0766	0.2216	0.27	0.2894	0.2984	0.3369	0.1502	0.0821	0.72364503	-0.31665152	-0.6694549
31.5	37.5	78.08822628501073	29.903131352316358	0.0307	0.0376	0.057	0.0466	0.0766	0.2216	0.27	0.2791	0.2984	0.3369	0.1502	0.0821	0.7138471	-0.30025625	-0.66081524
29.5	38.5	78.08804180562117	29.90303911262158	0.033	0.0423	0.0616	0.0496	0.086	0.2384	0.2941	0.3038	0.316	0.3147	0.1606	0.0884	0.71929824	-0.30835482	-0.66283524
30.5	38.5	78.08813404531595	29.90303911262158	0.0321	0.0413	0.0617	0.0488	0.0848	0.2327	0.2915	0.2944	0.3127	0.3147	0.1606	0.0856	0.7156177	-0.29406592	-0.65346813
31.5	38.5	78.08822628501073	29.90303911262158	0.0321	0.0421	0.0634	0.0496	0.0848	0.2327	0.2915	0.2943	0.3127	0.3147	0.1606	0.0856	0.71154404	-0.2939107	-0.645513
32.5	38.5	78.0883185247055	29.90303911262158	0.0331	0.0384	0.0603	0.0453	0.0799	0.2266	0.2798	0.2836	0.3069	0.3147	0.1559	0.0825	0.72453636	-0.29055744	-0.64931667
33.5	38.5	78.08841076440028	29.90303911262158	0.0331	0.0374	0.058	0.0466	0.0799	0.2266	0.2798	0.2814	0.3069	0.3147	0.1559	0.0825	0.71585363	-0.28698832	-0.6582204
34.5	38.5	78.08850300409506	29.90303911262158	0.0349	0.0384	0.062	0.0476	0.0845	0.2251	0.2787	0.275	0.2975	0.3328	0.1665	0.0893	0.7048977	-0.24575312	-0.6320475
30.5	39.5	78.08813404531595	29.902946872926805	0.0335	0.0436	0.0632	0.0498	0.0871	0.2381	0.2907	0.312	0.3148	0.3147	0.1635	0.09	0.7247098	-0.31230286	-0.663113
31.5	39.5	78.08822628501073	29.902946872926805	0.0321	0.0451	0.0648	0.0514	0.0848	0.2327	0.2915	0.2996	0.3127	0.3147	0.1606	0.0856	0.7071225	-0.30204257	-0.6443469
32.5	39.5	78.0883185247055	29.902946872926805	0.0331	0.0407	0.0602	0.0498	0.0799	0.2266	0.2798	0.2985	0.3069	0.3147	0.1559	0.0825	0.7140396	-0.31382042	-0.6643435
33.5	39.5	78.08841076440028	29.902946872926805	0.0331	0.0362	0.0598	0.0485	0.0799	0.2266	0.2798	0.2997	0.3069	0.3147	0.1559	0.0825	0.72142446	-0.31562772	-0.6673157
30.5	40.5	78.08813404531595	29.902854633232028	0.0335	0.0425	0.063	0.0498	0.0871	0.2381	0.2907	0.2974	0.3148	0.3147	0.1635	0.09	0.71313363	-0.29051855	-0.6503885
31.5	40.5	78.08822628501073	29.902854633232028	0.0335	0.0439	0.064	0.0496	0.0871	0.2381	0.2907	0.3064	0.3148	0.3147	0.1635	0.09	0.7213483	-0.30410728	-0.65442765
32.5	40.5	78.0883185247055	29.902854633232028	0.0348	0.0364	0.0598	0.0485	0.0844	0.2389	0.2906	0.3007	0.3191	0.3147	0.1603	0.0847	0.7222222	-0.30455533	-0.6682386
31.5	41.5	78.08822628501073	29.90276239353725	0.0354	0.0361	0.0584	0.045	0.0915	0.2482	0.2954	0.2868	0.3256	0.3147	0.169	0.0959	0.72875226	-0.2584467	-0.6616454
8.5	46.5	78.08610477203086	29.90230119506337	0.0423	0.0469	0.0766	0.0582	0.1009	0.2391	0.2854	0.29	0.304	0.3041	0.174	0.0915	0.6657093	-0.25	-0.5821058
7.5	47.5	78.0860125323361	29.902208955368593	0.0425	0.0516	0.0764	0.0613	0.1023	0.2362	0.2742	0.2776	0.2981	0.3041	0.1721	0.0931	0.63824135	-0.23460084	-0.5683616
8.5	47.5	78.08610477203086	29.902208955368593	0.0425	0.0497	0.0731	0.0622	0.1023	0.2362	0.2742	0.2878	0.2981	0.3041	0.1721	0.0931	0.6445714	-0.25157648	-0.5949016
9.5	47.5	78.08619701172564	29.902208955368593	0.0433	0.0481	0.0744	0.0599	0.1009	0.236	0.2764	0.2887	0.3029	0.3041	0.1724	0.0921	0.65633965	-0.25222299	-0.59019554
6.5	48.5	78.08592029264132	29.902116715673817	0.0429	0.0535	0.0792	0.0642	0.1056	0.237	0.2817	0.2722	0.301	0.2818	0.1765	0.0953	0.6183115	-0.21328282	-0.54923165
7.5	48.5	78.0860125323361	29.902116715673817	0.0425	0.0528	0.0792	0.0636	0.1023	0.2362	0.2742	0.2864	0.2981	0.3041	0.1721	0.0931	0.6365714	-0.24929117	-0.5667396
8.5	48.5	78.08610477203086	29.902116715673817	0.0425	0.0528	0.0782	0.0624	0.1023	0.2362	0.2742	0.2857	0.2981	0.3041	0.1721	0.0931	0.64148235	-0.2481433	-0.5702116
9.5	48.5	78.08619701172564	29.902116715673817	0.0433	0.0522	0.0772	0.062	0.1009	0.236	0.2764	0.2842	0.3029	0.3041	0.1724	0.0921	0.64182556	-0.24485329	-0.57277256
5.5	49.5	78.08582805294654	29.90202447597904	0.042	0.0514	0.0772	0.0618	0.1058	0.231	0.2726	0.2744	0.2918	0.298	0.1766	0.0964	0.6323617	-0.21685144	-0.5608646
6.5	49.5	78.08592029264132	29.90202447597904	0.042	0.0528	0.0785	0.0638	0.1058	0.231	0.2726	0.279	0.2918	0.298	0.1766	0.0964	0.6277713	-0.2247586	-0.5608392
7.5	49.5	78.0860125323361	29.90202447597904	0.0428	0.0489	0.0783	0.0624	0.1026	0.233	0.279	0.2854	0.2959	0.285	0.1748	0.0952	0.6411731	-0.24033031	-0.56942534
4.5	50.5	78.08573581325176	29.901932236284264	0.0429	0.0515	0.0816	0.0654	0.1064	0.2408	0.2794	0.2902	0.298	0.298	0.181	0.1037	0.632171	-0.23174873	-0.5610543
5.5	50.5	78.08582805294654	29.901932236284264	0.042	0.0488	0.0781	0.062	0.1058	0.231	0.2726	0.2763	0.2918	0.298	0.1766	0.0964	0.6334614	-0.22013694	-0.55925506
3.5	51.5	78.085643573557	29.901839996589487	0.0424	0.0505	0.0798	0.0632	0.1082	0.2469	0.2833	0.2968	0.303	0.298	0.1811	0.0989	0.6488889	-0.24210085	-0.5762082
51.5	60.5	78.09007107890626	29.9010098393365	0.0368	0.0512	0.072	0.0554	0.1101	0.3144	0.3808	0.3704	0.4008	0.3883	0.1942	0.1017	0.73978394	-0.31207937	-0.67450273
51.5	61.5	78.09007107890626	29.900917599641723	0.0368	0.0489	0.0711	0.0564	0.1101	0.3144	0.3808	0.3583	0.4008	0.3883	0.1942	0.1017	0.7279961	-0.29701358	-0.6688402
52.5	61.5	78.09016331860103	29.900917599641723	0.0378	0.0476	0.0784	0.0601	0.1153	0.3065	0.3612	0.376	0.3846	0.3883	0.1922	0.1064	0.7243751	-0.32347763	-0.6549296
53.5	61.5	78.09025555829581	29.900917599641723	0.0378	0.0488	0.0769	0.0603	0.1153	0.3065	0.3612	0.3766	0.3846	0.3883	0.1922	0.1064	0.7239643	-0.32419127	-0.66086
54.5	61.5	78.09034779799059	29.900917599641723	0.0397	0.0496	0.0775	0.0586	0.1239	0.2951	0.3396	0.3617	0.3612	0.3543	0.1972	0.1115	0.72115153	-0.29432815	-0.6470856
51.5	62.5	78.09007107890626	29.900825359946946	0.0368	0.043	0.0728	0.0532	0.1113	0.3111	0.3611	0.3805	0.3915	0.3743	0.1916	0.1005	0.75466913	-0.33018702	-0.67879987
52.5	62.5	78.09016331860103	29.900825359946946	0.0373	0.0501	0.0734	0.0582	0.1129	0.3121	0.3791	0.4004	0.3916	0.3743	0.1857	0.0985	0.74618405	-0.36631975	-0.6901646
53.5	62.5	78.09025555829581	29.900825359946946	0.0373	0.0502	0.0752	0.0581	0.1129	0.3121	0.3791	0.3774	0.3916	0.3743	0.1857	0.0985	0.7331803	-0.34043688	-0.6676978
54.5	62.5	78.09034779799059	29.900825359946946	0.0384	0.0476	0.0758	0.0558	0.1176	0.3025	0.351	0.3617	0.3731	0.3671	0.1917	0.1022	0.7326946	-0.3071919	-0.6534857
55.5	62.5	78.09044003768537	29.900825359946946	0.0384	0.0474	0.0746	0.0556	0.1176	0.3025	0.351	0.3464	0.3731	0.3671	0.1917	0.1022	0.72338307	-0.28749302	-0.6456057
56.5	62.5	78.09053227738013	29.900825359946946	0.0394	0.0478	0.0684	0.058	0.1166	0.2899	0.3292	0.3368	0.3535	0.3671	0.1998	0.1113	0.70618033	-0.25531122	-0.6623889
57.5	62.5	78.09062451707491	29.900825359946946	0.0394	0.0477	0.0714	0.0602	0.1166	0.2899	0.3292	0.3305	0.3535	0.3671	0.1998	0.1113	0.69183517	-0.24646428	-0.6446877
58.5	62.5	78.0907167567697	29.900825359946946	0.0399	0.0521	0.0794	0.0618	0.121	0.2986	0.3427	0.3476	0.3677	0.3671	0.2034	0.1148	0.6980948	-0.261706	-0.628103
51.5	63.5	78.09007107890626	29.90073312025217	0.0369	0.046	0.075	0.0614	0.1179	0.2943	0.3481	0.3684	0.3685	0.3743	0.195	0.1061	0.71428573	-0.30777425	-0.661705
52.5	63.5	78.09016331860103	29.90073312025217	0.0368	0.0493	0.0746	0.0608	0.1162	0.302	0.3488	0.3579	0.3682	0.3743	0.1894	0.1027	0.70957726	-0.307875	-0.6550289
53.5	63.5	78.09025555829581	29.90073312025217	0.0373	0.0454	0.0775	0.0555	0.1129	0.3121	0.3791	0.3671	0.3916	0.3743	0.1857	0.0985	0.7373403	-0.32814762	-0.651372
54.5	63.5	78.09034779799059	29.90073312025217	0.0384	0.0446	0.0742	0.0564	0.1176	0.3025	0.351	0.3652	0.3731	0.3671	0.1917	0.1022	0.7324478	-0.3115461	-0.66226673
55.5	63.5	78.09044003768537	29.90073312025217	0.0384	0.0474	0.0742	0.059	0.1176	0.3025	0.351	0.3561	0.3731	0.3671	0.1917	0.1022	0.71573114	-0.30010954	-0.65512437
56.5	63.5	78.09053227738013	29.90073312025217	0.0394	0.0476	0.0744	0.0605	0.1166	0.2899	0.3292	0.3492	0.3535	0.3671	0.1998	0.1113	0.70466197	-0.27213117	-0.6487252
57.5	63.5	78.09062451707491	29.90073312025217	0.0394	0.0484	0.0737	0.0631	0.1166	0.2899	0.3292	0.3516	0.3535	0.3671	0.1998	0.1113	0.6956836	-0.27529922	-0.6534211
58.5	63.5	78.0907167567697	29.90073312025217	0.0399	0.0502	0.0802	0.0608	0.121	0.2986	0.3427	0.3648	0.3677	0.3671	0.2034	0.1148	0.71428573	-0.2840549	-0.63955057
59.5	63.5	78.09080899646447	29.90073312025217	0.0399	0.0502	0.0785	0.0583	0.121	0.2986	0.3427	0.364	0.3677	0.3671	0.2034	0.1148	0.723893	-0.28304547	-0.64519775
60.5	63.5	78.09090123615924	29.90073312025217	0.0399	0.0502	0.0785	0.0583	0.121	0.2986	0.3427	0.364	0.3677	0.3671	0.2034	0.1148	0.723893	-0.28304547	-0.64519775
61.5	63.5	78.09099347585402	29.90073312025217	0.0401	0.0519	0.0808	0.0644	0.1206	0.2892	0.3238	0.3492	0.352	0.3512	0.2072	0.1168	0.688588	-0.25521207	-0.62418604
62.5	63.5	78.0910857155488	29.90073312025217	0.0401	0.0544	0.0824	0.0692	0.1206	0.2892	0.3238	0.3303	0.352	0.3512	0.2072	0.1168	0.65356696	-0.22902325	-0.60067844
29.5	64.5	78.08804180562117	29.900640880557393	0.0412	0.0506	0.0812	0.0616	0.1254	0.2937	0.3452	0.3531	0.3686	0.3522	0.1972	0.1074	0.70291775	-0.2833	-0.6260649
30.5	64.5	78.08813404531595	29.900640880557393	0.0412	0.0502	0.0806	0.06	0.1254	0.2937	0.3452	0.3547	0.3686	0.3522	0.1972	0.1074	0.7106342	-0.28537777	-0.6296807
31.5	64.5	78.08822628501073	29.900640880557393	0.04	0.045	0.0816	0.0602	0.1218	0.2782	0.3237	0.3444	0.3492	0.3522	0.1975	0.1112	0.70242214	-0.2710832	-0.6169014
32.5	64.5	78.0883185247055	29.900640880557393	0.04	0.0458	0.0772	0.0602	0.1218	0.2782	0.3237	0.332	0.3492	0.3522	0.1975	0.1112	0.6930138	-0.25401318	-0.6226784
33.5	64.5	78.08841076440028	29.900640880557393	0.04	0.0458	0.0772	0.0602	0.1218	0.2782	0.3237	0.332	0.3492	0.3522	0.1975	0.1112	0.6930138	-0.25401318	-0.6226784
34.5	64.5	78.08850300409506	29.900640880557393	0.0391	0.0481	0.075	0.0598	0.1239	0.286	0.3254	0.3312	0.3559	0.3562	0.1994	0.1108	0.69411767	-0.24839807	-0.6307238
35.5	64.5	78.08859524378984	29.900640880557393	0.0391	0.048	0.0768	0.0604	0.1239	0.286	0.3254	0.3356	0.3559	0.3562	0.1994	0.1108	0.6949495	-0.25457945	-0.6275461
36.5	64.5	78.0886874834846	29.900640880557393	0.0385	0.0532	0.0758	0.0628	0.1277	0.2844	0.3262	0.3344	0.342	0.3562	0.2067	0.1148	0.6837865	-0.23600075	-0.6304242
37.5	64.5	78.08877972317939	29.900640880557393	0.0385	0.059	0.083	0.0686	0.1277	0.2844	0.3262	0.3164	0.342	0.3562	0.2067	0.1148	0.64363635	-0.20971133	-0.5843766
51.5	64.5	78.09007107890626	29.900640880557393	0.0369	0.0544	0.0791	0.0629	0.1179	0.2943	0.3481	0.3511	0.3685	0.3743	0.195	0.1061	0.6961353	-0.2858451	-0.6322641
52.5	64.5	78.09016331860103	29.900640880557393	0.0368	0.0506	0.0764	0.0617	0.1162	0.302	0.3488	0.3427	0.3682	0.3743	0.1894	0.1027	0.6948566	-0.28810373	-0.63540924
53.5	64.5	78.09025555829581	29.900640880557393	0.0368	0.0475	0.0761	0.0585	0.1162	0.302	0.3488	0.3571	0.3682	0.3743	0.1894	0.1027	0.71847934	-0.30686185	-0.64866114
54.5	64.5	78.09034779799059	29.900640880557393	0.0373	0.0461	0.0792	0.057	0.1197	0.3039	0.3537	0.3672	0.3731	0.3671	0.191	0.1032	0.7312588	-0.31565747	-0.6451613
55.5	64.5	78.09044003768537	29.900640880557393	0.0373	0.053	0.0824	0.0682	0.1197	0.3039	0.3537	0.3368	0.3731	0.3671	0.191	0.1032	0.6632099	-0.276241	-0.60687023
56.5	64.5	78.09053227738013	29.900640880557393	0.0381	0.0484	0.0786	0.0645	0.1201	0.3033	0.3519	0.3344	0.3645	0.3671	0.199	0.1097	0.6766107	-0.25384328	-0.61937046
57.5	64.5	78.09062451707491	29.900640880557393	0.0381	0.0522	0.0794	0.0596	0.1201	0.3033	0.3519	0.3457	0.3645	0.3671	0.199	0.1097	0.70589685	-0.26932254	-0.6264408
58.5	64.5	78.0907167567697	29.900640880557393	0.0383	0.0538	0.0822	0.0664	0.1214	0.2941	0.343	0.3493	0.3675	0.3671	0.2033	0.1126	0.68053883	-0.26420557	-0.6190035
59.5	64.5	78.09080899646447	29.900640880557393	0.0383	0.0524	0.0794	0.0595	0.1214	0.2941	0.343	0.3463	0.3675	0.3671	0.2033	0.1126	0.7067521	-0.26018924	-0.6269674
60.5	64.5	78.09090123615924	29.900640880557393	0.0388	0.0466	0.0747	0.0571	0.1212	0.2859	0.3343	0.3464	0.356	0.3512	0.2027	0.1121	0.71697646	-0.26170096	-0.6452149
61.5	64.5	78.09099347585402	29.900640880557393	0.0388	0.0466	0.0747	0.0571	0.1212	0.2859	0.3343	0.3464	0.356	0.3512	0.2027	0.1121	0.71697646	-0.26170096	-0.6452149
62.5	64.5	78.0910857155488	29.900640880557393	0.0388	0.0472	0.0766	0.0606	0.1212	0.2859	0.3343	0.3404	0.356	0.3512	0.2027	0.1121	0.69775563	-0.25354448	-0.6326139
63.5	64.5	78.09117795524358	29.900640880557393	0.0396	0.0504	0.082	0.06	0.1198	0.2955	0.3474	0.3476	0.3598	0.3512	0.2002	0.1118	0.7055937	-0.26907632	-0.61824954
64.5	64.5	78.09127019493835	29.900640880557393	0.0396	0.0504	0.0788	0.0618	0.1198	0.2955	0.3474	0.354	0.3598	0.3512	0.2002	0.1118	0.7027417	-0.27751714	-0.63585955
65.5	64.5	78.09136243463313	29.900640880557393	0.0404	0.0498	0.0792	0.0618	0.117	0.2961	0.3331	0.3508	0.3577	0.3512	0.2009	0.1122	0.7004363	-0.27170563	-0.6316279
66.5	64.5	78.0914546743279	29.900640880557393	0.0404	0.0486	0.0742	0.0546	0.117	0.2961	0.3331	0.3621	0.3577	0.3512	0.2009	0.1122	0.73794097	-0.28632328	-0.6598671
29.5	65.5	78.08804180562117	29.900548640862617	0.0443	0.0483	0.0831	0.0624	0.1266	0.2978	0.3335	0.3408	0.3712	0.3522	0.2033	0.113	0.6904762	-0.25271088	-0.60792637
30.5	65.5	78.08813404531595	29.900548640862617	0.0443	0.0494	0.0796	0.062	0.1266	0.2978	0.3335	0.3448	0.3712	0.3522	0.2033	0.113	0.6951819	-0.25816455	-0.62488216
31.5	65.5	78.08822628501073	29.900548640862617	0.0425	0.0506	0.0767	0.0608	0.1221	0.2916	0.3363	0.3396	0.357	0.3522	0.2004	0.1106	0.69630367	-0.25777778	-0.63151574
32.5	65.5	78.0883185247055	29.900548640862617	0.0425	0.0489	0.078	0.0619	0.1221	0.2916	0.3363	0.3421	0.357	0.3522	0.2004	0.1106	0.69356436	-0.26119816	-0.62865984
33.5	65.5	78.08841076440028	29.900548640862617	0.0425	0.0489	0.078	0.0619	0.1221	0.2916	0.3363	0.3421	0.357	0.3522	0.2004	0.1106	0.69356436	-0.26119816	-0.62865984
34.5	65.5	78.08850300409506	29.900548640862617	0.0408	0.0472	0.0766	0.062	0.1205	0.2893	0.3273	0.342	0.354	0.3562	0.203	0.1137	0.69306934	-0.2550459	-0.6340182
35.5	65.5	78.08859524378984	29.900548640862617	0.0408	0.0471	0.0784	0.0619	0.1205	0.2893	0.3273	0.3484	0.354	0.3562	0.203	0.1137	0.69826955	-0.26369244	-0.6326148
36.5	65.5	78.0886874834846	29.900548640862617	0.0396	0.0493	0.08	0.0607	0.124	0.2879	0.3254	0.3572	0.3518	0.3562	0.1999	0.1126	0.7094999	-0.28235504	-0.63403475
51.5	65.5	78.09007107890626	29.900548640862617	0.0363	0.0479	0.078	0.0621	0.1206	0.3	0.3417	0.3492	0.3658	0.3743	0.1971	0.1081	0.69803065	-0.27841848	-0.6348315
52.5	65.5	78.09016331860103	29.900548640862617	0.0363	0.0479	0.078	0.0621	0.1206	0.3	0.3417	0.3492	0.3658	0.3743	0.1971	0.1081	0.69803065	-0.27841848	-0.6348315
53.5	65.5	78.09025555829581	29.900548640862617	0.0363	0.0464	0.078	0.0601	0.1206	0.3	0.3417	0.354	0.3658	0.3743	0.1971	0.1081	0.70973194	-0.2847033	-0.6388889
54.5	65.5	78.09034779799059	29.900548640862617	0.0365	0.0465	0.0814	0.0608	0.1195	0.3015	0.3492	0.3484	0.3744	0.3671	0.1984	0.1072	0.7028348	-0.2743233	-0.62121916
55.5	65.5	78.09044003768537	29.900548640862617	0.0373	0.056	0.0847	0.0631	0.1197	0.3039	0.3537	0.3532	0.3731	0.3671	0.191	0.1032	0.6968532	-0.29805216	-0.61315364
56.5	65.5	78.09053227738013	29.900548640862617	0.0381	0.0498	0.0808	0.0605	0.1201	0.3033	0.3519	0.3672	0.3645	0.3671	0.199	0.1097	0.71709144	-0.29706815	-0.63928574
57.5	65.5	78.09062451707491	29.900548640862617	0.0381	0.0527	0.0767	0.0584	0.1201	0.3033	0.3519	0.3603	0.3645	0.3671	0.199	0.1097	0.7210413	-0.2883962	-0.64897025
58.5	65.5	78.0907167567697	29.900548640862617	0.0383	0.0498	0.0822	0.0678	0.1214	0.2941	0.343	0.3428	0.3675	0.3671	0.2033	0.1126	0.6697516	-0.25544772	-0.61317647
59.5	65.5	78.09080899646447	29.900548640862617	0.0383	0.0531	0.0818	0.065	0.1214	0.2941	0.343	0.3451	0.3675	0.3671	0.2033	0.1126	0.68300414	-0.25857037	-0.61677206
60.5	65.5	78.09090123615924	29.900548640862617	0.0388	0.046	0.0767	0.0586	0.1212	0.2859	0.3343	0.3439	0.356	0.3512	0.2027	0.1121	0.70881987	-0.25832418	-0.63528293
61.5	65.5	78.09099347585402	29.900548640862617	0.0388	0.046	0.0767	0.0586	0.1212	0.2859	0.3343	0.3439	0.356	0.3512	0.2027	0.1121	0.70881987	-0.25832418	-0.63528293
62.5	65.5	78.0910857155488	29.900548640862617	0.0388	0.0485	0.0808	0.0625	0.1212	0.2859	0.3343	0.3371	0.356	0.3512	0.2027	0.1121	0.6871872	-0.24898109	-0.6133046
63.5	65.5	78.09117795524358	29.900548640862617	0.0396	0.0487	0.083	0.0612	0.1198	0.2955	0.3474	0.3472	0.3598	0.3512	0.2002	0.1118	0.70029384	-0.2685422	-0.614133
64.5	65.5	78.09127019493835	29.900548640862617	0.0396	0.0448	0.0774	0.0572	0.1198	0.2955	0.3474	0.3648	0.3598	0.3512	0.2002	0.1118	0.72890997	-0.29132742	-0.64993215
65.5	65.5	78.09136243463313	29.900548640862617	0.0404	0.0516	0.08	0.0656	0.117	0.2961	0.3331	0.3431	0.3577	0.3512	0.2009	0.1122	0.67898214	-0.26139706	-0.6218388
66.5	65.5	78.0914546743279	29.900548640862617	0.0404	0.0548	0.0846	0.0669	0.117	0.2961	0.3331	0.3395	0.3577	0.3512	0.2009	0.1122	0.6707677	-0.2564767	-0.6010375
67.5	65.5	78.09154691402269	29.900548640862617	0.0411	0.0525	0.0822	0.0708	0.1182	0.2976	0.3314	0.3396	0.3613	0.3485	0.2024	0.1155	0.65497077	-0.25313652	-0.61024183
68.5	65.5	78.09163915371745	29.900548640862617	0.0411	0.0543	0.0816	0.0672	0.1182	0.2976	0.3314	0.3496	0.3613	0.3485	0.2024	0.1155	0.67754316	-0.26666665	-0.6215213
69.5	65.5	78.09173139341223	29.900548640862617	0.0419	0.051	0.0746	0.0598	0.1241	0.2832	0.321	0.3575	0.3426	0.3485	0.203	0.123	0.71339566	-0.27564675	-0.6547095
105.5	65.5	78.09505202242418	29.900548640862617	0.0433	0.054	0.0816	0.0662	0.112	0.2515	0.2957	0.3078	0.3224	0.3235	0.1817	0.1031	0.6459893	-0.25760978	-0.58089364
29.5	66.5	78.08804180562117	29.90045640116784	0.0443	0.0485	0.0782	0.0594	0.1266	0.2978	0.3335	0.3452	0.3712	0.3522	0.2033	0.113	0.7063767	-0.25870556	-0.6306094
30.5	66.5	78.08813404531595	29.90045640116784	0.0443	0.0455	0.0772	0.059	0.1266	0.2978	0.3335	0.3625	0.3712	0.3522	0.2033	0.113	0.7200475	-0.28137153	-0.6488515
31.5	66.5	78.08822628501073	29.90045640116784	0.0425	0.0461	0.0792	0.0602	0.1221	0.2916	0.3363	0.3512	0.357	0.3522	0.2004	0.1106	0.7073408	-0.27338654	-0.6319703
32.5	66.5	78.0883185247055	29.90045640116784	0.0425	0.0493	0.08	0.0628	0.1221	0.2916	0.3363	0.3437	0.357	0.3522	0.2004	0.1106	0.6910209	-0.2633707	-0.6223743
33.5	66.5	78.08841076440028	29.90045640116784	0.0408	0.053	0.0828	0.0679	0.1205	0.2893	0.3273	0.3344	0.354	0.3562	0.203	0.1137	0.66244096	-0.24451062	-0.60306805
34.5	66.5	78.08850300409506	29.90045640116784	0.0408	0.053	0.0828	0.0679	0.1205	0.2893	0.3273	0.3344	0.354	0.3562	0.203	0.1137	0.66244096	-0.24451062	-0.60306805
35.5	66.5	78.08859524378984	29.90045640116784	0.0408	0.0468	0.0813	0.062	0.1205	0.2893	0.3273	0.3376	0.354	0.3562	0.203	0.1137	0.6896897	-0.24898261	-0.61184055
51.5	66.5	78.09007107890626	29.90045640116784	0.0363	0.054	0.078	0.0667	0.1206	0.3	0.3417	0.3552	0.3658	0.3743	0.1971	0.1081	0.68381137	-0.28625748	-0.6398892
52.5	66.5	78.09016331860103	29.90045640116784	0.0363	0.054	0.078	0.0667	0.1206	0.3	0.3417	0.3552	0.3658	0.3743	0.1971	0.1081	0.68381137	-0.28625748	-0.6398892
53.5	66.5	78.09025555829581	29.90045640116784	0.0363	0.0546	0.0808	0.0659	0.1206	0.3	0.3417	0.3512	0.3658	0.3743	0.1971	0.1081	0.68400866	-0.28105053	-0.62592596
54.5	66.5	78.09034779799059	29.90045640116784	0.0365	0.0474	0.08	0.0647	0.1195	0.3015	0.3492	0.344	0.3744	0.3671	0.1984	0.1072	0.6833864	-0.26843658	-0.6226415
55.5	66.5	78.09044003768537	29.90045640116784	0.0365	0.0476	0.0768	0.06	0.1195	0.3015	0.3492	0.3648	0.3744	0.3671	0.1984	0.1072	0.71751416	-0.29545453	-0.6521739
56.5	66.5	78.09053227738013	29.90045640116784	0.0373	0.049	0.0774	0.0576	0.1142	0.3067	0.3538	0.384	0.3817	0.3671	0.1945	0.1055	0.73913044	-0.3275713	-0.66449934
57.5	66.5	78.09062451707491	29.90045640116784	0.0373	0.0445	0.0752	0.0564	0.1142	0.3067	0.3538	0.3804	0.3817	0.3671	0.1945	0.1055	0.7417582	-0.3233606	-0.6698859
58.5	66.5	78.0907167567697	29.90045640116784	0.0378	0.0469	0.0805	0.0606	0.1188	0.2962	0.3405	0.3553	0.3672	0.3671	0.2022	0.1119	0.7085838	-0.27461886	-0.6305645
59.5	66.5	78.09080899646447	29.90045640116784	0.0378	0.048	0.0806	0.063	0.1188	0.2962	0.3405	0.3516	0.3672	0.3671	0.2022	0.1119	0.6960926	-0.26977247	-0.62702453
60.5	66.5	78.09090123615924	29.90045640116784	0.038	0.05	0.0776	0.0605	0.1192	0.2889	0.3286	0.346	0.3495	0.3512	0.2013	0.1126	0.702337	-0.2643888	-0.6336166
61.5	66.5	78.09099347585402	29.90045640116784	0.038	0.05	0.0776	0.0605	0.1192	0.2889	0.3286	0.346	0.3495	0.3512	0.2013	0.1126	0.702337	-0.2643888	-0.6336166
62.5	66.5	78.0910857155488	29.90045640116784	0.038	0.0505	0.078	0.0634	0.1192	0.2889	0.3286	0.3329	0.3495	0.3512	0.2013	0.1126	0.68004036	-0.24634968	-0.6203456
63.5	66.5	78.09117795524358	29.90045640116784	0.0388	0.0487	0.0767	0.0614	0.1177	0.2854	0.3245	0.334	0.3433	0.3512	0.1965	0.1102	0.68942845	-0.25918943	-0.62649137
64.5	66.5	78.09127019493835	29.90045640116784	0.0388	0.0511	0.0769	0.0602	0.1177	0.2854	0.3245	0.334	0.3433	0.3512	0.1965	0.1102	0.69457126	-0.25918943	-0.6256997
65.5	66.5	78.09136243463313	29.90045640116784	0.0398	0.0507	0.0804	0.0643	0.1179	0.2742	0.3214	0.3189	0.3381	0.3512	0.1989	0.1124	0.664405	-0.2317497	-0.5972953
66.5	66.5	78.0914546743279	29.90045640116784	0.0398	0.0526	0.0826	0.0633	0.1179	0.2742	0.3214	0.314	0.3381	0.3512	0.1989	0.1124	0.664458	-0.22441024	-0.58345944
67.5	66.5	78.09154691402269	29.90045640116784	0.0409	0.0574	0.0842	0.0746	0.1181	0.2807	0.3217	0.32	0.3422	0.3485	0.2038	0.1169	0.62189555	-0.2218404	-0.58337456
68.5	66.5	78.09163915371745	29.90045640116784	0.0409	0.0582	0.0875	0.0728	0.1181	0.2807	0.3217	0.3329	0.3422	0.3485	0.2038	0.1169	0.6411141	-0.24054407	-0.5837298
69.5	66.5	78.09173139341223	29.90045640116784	0.0423	0.0521	0.0778	0.0606	0.1173	0.28	0.3268	0.3432	0.3401	0.3485	0.1995	0.1133	0.6998514	-0.2647872	-0.6304038
105.5	66.5	78.09505202242418	29.90045640116784	0.0433	0.0508	0.0792	0.0628	0.112	0.2515	0.2957	0.2888	0.3224	0.3235	0.1817	0.1031	0.6427759	-0.22763017	-0.56956524
106.5	66.5	78.09514426211896	29.90045640116784	0.0433	0.052	0.0816	0.0662	0.112	0.2515	0.2957	0.2953	0.3224	0.3235	0.1817	0.1031	0.6337483	-0.23815513	-0.5669939
107.5	66.5	78.09523650181374	29.90045640116784	0.0433	0.052	0.0816	0.0662	0.112	0.2515	0.2957	0.2953	0.3224	0.3235	0.1817	0.1031	0.6337483	-0.23815513	-0.5669939
108.5	66.5	78.09532874150852	29.90045640116784	0.0436	0.0522	0.0843	0.0688	0.1172	0.2531	0.2992	0.3119	0.3212	0.3302	0.1821	0.1057	0.63856053	-0.26275304	-0.57445735
109.5	66.5	78.09542098120329	29.90045640116784	0.0436	0.0454	0.0788	0.0643	0.1172	0.2531	0.2992	0.3173	0.3212	0.3302	0.1821	0.1057	0.6629979	-0.27072486	-0.60212064
30.5	67.5	78.08813404531595	29.900364161473064	0.0488	0.0506	0.0808	0.065	0.1326	0.27	0.3178	0.344	0.3306	0.3244	0.2096	0.1228	0.6821516	-0.24277458	-0.6195857
31.5	67.5	78.08822628501073	29.900364161473064	0.0462	0.046	0.0794	0.0589	0.1199	0.2834	0.3271	0.3432	0.3511	0.3244	0.2035	0.1131	0.70703804	-0.2555332	-0.6242309
32.5	67.5	78.0883185247055	29.900364161473064	0.0462	0.0505	0.0764	0.0618	0.1199	0.2834	0.3271	0.3221	0.3511	0.3244	0.2035	0.1131	0.67804116	-0.2256469	-0.6165621
33.5	67.5	78.08841076440028	29.900364161473064	0.0436	0.06	0.0894	0.0727	0.1231	0.2788	0.3225	0.3165	0.3432	0.3531	0.2036	0.1179	0.62641317	-0.21707365	-0.5594974
34.5	67.5	78.08850300409506	29.900364161473064	0.0436	0.06	0.0894	0.0727	0.1231	0.2788	0.3225	0.3165	0.3432	0.3531	0.2036	0.1179	0.62641317	-0.21707365	-0.5594974
35.5	67.5	78.08859524378984	29.900364161473064	0.0436	0.0509	0.0791	0.0692	0.1231	0.2788	0.3225	0.323	0.3432	0.3531	0.2036	0.1179	0.6471188	-0.22673757	-0.60656554
50.5	67.5	78.08997883921148	29.900364161473064	0.0358	0.05	0.074	0.0577	0.1151	0.2965	0.3467	0.3518	0.3725	0.3729	0.1901	0.1036	0.71819293	-0.29839453	-0.652419
51.5	67.5	78.09007107890626	29.900364161473064	0.0358	0.0472	0.0787	0.0609	0.1214	0.2973	0.3441	0.3576	0.3705	0.3729	0.1976	0.1079	0.7089606	-0.28818443	-0.6392391
52.5	67.5	78.09016331860103	29.900364161473064	0.0358	0.0472	0.0787	0.0609	0.1214	0.2973	0.3441	0.3576	0.3705	0.3729	0.1976	0.1079	0.7089606	-0.28818443	-0.6392391
53.5	67.5	78.09025555829581	29.900364161473064	0.0358	0.0454	0.0809	0.0642	0.1214	0.2973	0.3441	0.3601	0.3705	0.3729	0.1976	0.1079	0.69738394	-0.29137528	-0.6331066
54.5	67.5	78.09034779799059	29.900364161473064	0.0363	0.0482	0.0796	0.0647	0.1186	0.2868	0.3345	0.3445	0.3551	0.3748	0.1972	0.1088	0.6837732	-0.27192172	-0.62461686
55.5	67.5	78.09044003768537	29.900364161473064	0.0363	0.0502	0.0728	0.0638	0.1186	0.2868	0.3345	0.3317	0.3551	0.3748	0.1972	0.1088	0.6773704	-0.25430137	-0.64004946
56.5	67.5	78.09053227738013	29.900364161473064	0.0368	0.0487	0.0755	0.0584	0.1186	0.2913	0.3417	0.3356	0.3691	0.3748	0.19	0.1068	0.70355326	-0.27701673	-0.63269275
57.5	67.5	78.09062451707491	29.900364161473064	0.0373	0.0459	0.0742	0.0568	0.1142	0.3067	0.3538	0.374	0.3817	0.3671	0.1945	0.1055	0.7363046	-0.3157432	-0.6688978
58.5	67.5	78.0907167567697	29.900364161473064	0.0378	0.0458	0.076	0.0584	0.1188	0.2962	0.3405	0.3544	0.3672	0.3671	0.2022	0.1119	0.71705425	-0.27344593	-0.64684016
59.5	67.5	78.09080899646447	29.900364161473064	0.0378	0.0472	0.074	0.06	0.1188	0.2962	0.3405	0.334	0.3672	0.3671	0.2022	0.1119	0.6954315	-0.2458038	-0.6372549
60.5	67.5	78.09090123615924	29.900364161473064	0.038	0.0533	0.079	0.064	0.1192	0.2889	0.3286	0.3336	0.3495	0.3512	0.2013	0.1126	0.6780684	-0.24733599	-0.6170625
61.5	67.5	78.09099347585402	29.900364161473064	0.038	0.0533	0.079	0.064	0.1192	0.2889	0.3286	0.3336	0.3495	0.3512	0.2013	0.1126	0.6780684	-0.24733599	-0.6170625
62.5	67.5	78.0910857155488	29.900364161473064	0.038	0.0505	0.0761	0.0612	0.1192	0.2889	0.3286	0.3212	0.3495	0.3512	0.2013	0.1126	0.6799163	-0.22947371	-0.6169142
63.5	67.5	78.09117795524358	29.900364161473064	0.0388	0.0501	0.0766	0.064	0.1177	0.2854	0.3245	0.3163	0.3433	0.3512	0.1965	0.1102	0.6634236	-0.23361935	-0.61007893
64.5	67.5	78.09127019493835	29.900364161473064	0.0388	0.0497	0.0772	0.0604	0.1177	0.2854	0.3245	0.3123	0.3433	0.3512	0.1965	0.1102	0.6758787	-0.22759433	-0.60359436
65.5	67.5	78.09136243463313	29.900364161473064	0.0398	0.0511	0.0798	0.0636	0.1179	0.2742	0.3214	0.3272	0.3381	0.3512	0.1989	0.1124	0.6745138	-0.24386998	-0.6078624
66.5	67.5	78.0914546743279	29.900364161473064	0.0398	0.0466	0.0753	0.0599	0.1179	0.2742	0.3214	0.3308	0.3381	0.3512	0.1989	0.1124	0.6933709	-0.24900886	-0.6291554
67.5	67.5	78.09154691402269	29.900364161473064	0.0409	0.0546	0.0786	0.0692	0.1181	0.2807	0.3217	0.3232	0.3422	0.3485	0.2038	0.1169	0.64729863	-0.22656547	-0.6087606
106.5	67.5	78.09514426211896	29.900364161473064	0.0409	0.052	0.083	0.0684	0.1181	0.2535	0.2943	0.2924	0.3212	0.3235	0.1844	0.1036	0.6208426	-0.22651005	-0.557805
107.5	67.5	78.09523650181374	29.900364161473064	0.0409	0.052	0.083	0.0684	0.1181	0.2535	0.2943	0.2924	0.3212	0.3235	0.1844	0.1036	0.6208426	-0.22651005	-0.557805
108.5	67.5	78.09532874150852	29.900364161473064	0.0412	0.0532	0.0816	0.0672	0.1182	0.2627	0.3028	0.3096	0.3342	0.3302	0.1887	0.1051	0.6433121	-0.24262491	-0.5828221
109.5	67.5	78.09542098120329	29.900364161473064	0.0412	0.0475	0.0786	0.062	0.1182	0.2627	0.3028	0.3292	0.3342	0.3302	0.1887	0.1051	0.6830266	-0.2712879	-0.6145169
110.5	67.5	78.09551322089807	29.900364161473064	0.0431	0.0458	0.0758	0.0614	0.1227	0.2669	0.3044	0.3188	0.3359	0.3302	0.1902	0.106	0.6770121	-0.25265226	-0.6158135
111.5	67.5	78.09560546059285	29.900364161473064	0.0431	0.0518	0.082	0.065	0.1227	0.2669	0.3044	0.295	0.3359	0.3302	0.1902	0.106	0.6388889	-0.21599337	-0.5649867
112.5	67.5	78.09569770028763	29.900364161473064	0.0476	0.0522	0.085	0.066	0.1276	0.2891	0.3388	0.3157	0.3565	0.3302	0.205	0.1178	0.6541787	-0.21259843	-0.5757424
32.5	68.5	78.0883185247055	29.900271921778288	0.0462	0.0475	0.07	0.0593	0.1199	0.2834	0.3271	0.3309	0.3511	0.3244	0.2035	0.1131	0.6960533	-0.23839822	-0.65078574
33.5	68.5	78.08841076440028	29.900271921778288	0.0436	0.0614	0.0874	0.0754	0.1231	0.2788	0.3225	0.3334	0.3432	0.3531	0.2036	0.1179	0.63111544	-0.24171323	-0.5846008
34.5	68.5	78.08850300409506	29.900271921778288	0.0436	0.0614	0.0874	0.0754	0.1231	0.2788	0.3225	0.3334	0.3432	0.3531	0.2036	0.1179	0.63111544	-0.24171323	-0.5846008
50.5	68.5	78.08997883921148	29.900271921778288	0.0358	0.0466	0.0771	0.056	0.1151	0.2965	0.3467	0.3493	0.3725	0.3729	0.1901	0.1036	0.7236615	-0.29514274	-0.6383677
51.5	68.5	78.09007107890626	29.900271921778288	0.0358	0.0474	0.0794	0.0594	0.1214	0.2973	0.3441	0.3564	0.3705	0.3729	0.1976	0.1079	0.71428573	-0.2866426	-0.63561267
52.5	68.5	78.09016331860103	29.900271921778288	0.0358	0.0474	0.0794	0.0594	0.1214	0.2973	0.3441	0.3564	0.3705	0.3729	0.1976	0.1079	0.71428573	-0.2866426	-0.63561267
53.5	68.5	78.09025555829581	29.900271921778288	0.0358	0.045	0.0756	0.0584	0.1214	0.2973	0.3441	0.3608	0.3705	0.3729	0.1976	0.1079	0.72137403	-0.2922636	-0.65352887
54.5	68.5	78.09034779799059	29.900271921778288	0.0363	0.0491	0.0756	0.0628	0.1186	0.2868	0.3345	0.3468	0.3551	0.3748	0.1972	0.1088	0.6933594	-0.275	-0.64204544
55.5	68.5	78.09044003768537	29.900271921778288	0.0363	0.0452	0.0752	0.061	0.1186	0.2868	0.3345	0.3368	0.3551	0.3748	0.1972	0.1088	0.69331324	-0.26142323	-0.6349515
56.5	68.5	78.09053227738013	29.900271921778288	0.0368	0.0463	0.0784	0.0628	0.1186	0.2913	0.3417	0.3228	0.3691	0.3748	0.19	0.1068	0.67427385	-0.25897038	-0.60917246
57.5	68.5	78.09062451707491	29.900271921778288	0.0368	0.0516	0.0808	0.0628	0.1186	0.2913	0.3417	0.3536	0.3691	0.3748	0.19	0.1068	0.69836694	-0.30095658	-0.62799263
58.5	68.5	78.0907167567697	29.900271921778288	0.0373	0.0531	0.0819	0.0655	0.1243	0.298	0.3372	0.3584	0.3601	0.3748	0.199	0.1131	0.6909648	-0.28597057	-0.6279809
59.5	68.5	78.09080899646447	29.900271921778288	0.0373	0.0553	0.0844	0.0694	0.1243	0.298	0.3372	0.3504	0.3601	0.3748	0.199	0.1131	0.66936636	-0.27557334	-0.6117755
60.5	68.5	78.09090123615924	29.900271921778288	0.0378	0.0511	0.0845	0.0662	0.1235	0.2831	0.3253	0.3432	0.3425	0.343	0.1997	0.1129	0.67659986	-0.26432124	-0.6048632
61.5	68.5	78.09099347585402	29.900271921778288	0.0378	0.0505	0.0762	0.0596	0.1235	0.2831	0.3253	0.3271	0.3425	0.343	0.1997	0.1129	0.6917507	-0.24183753	-0.6221175
62.5	68.5	78.0910857155488	29.900271921778288	0.0378	0.0505	0.0762	0.0596	0.1235	0.2831	0.3253	0.3271	0.3425	0.343	0.1997	0.1129	0.6917507	-0.24183753	-0.6221175
63.5	68.5	78.09117795524358	29.900271921778288	0.0388	0.0499	0.0766	0.0626	0.1182	0.2766	0.3186	0.3227	0.3347	0.343	0.1941	0.1094	0.67505836	-0.24883898	-0.6163286
64.5	68.5	78.09127019493835	29.900271921778288	0.0388	0.0489	0.0778	0.0634	0.1182	0.2766	0.3186	0.3364	0.3347	0.343	0.1941	0.1094	0.6828414	-0.2682375	-0.62433606
65.5	68.5	78.09136243463313	29.900271921778288	0.0396	0.0567	0.0844	0.0696	0.1162	0.2783	0.3157	0.3297	0.3384	0.343	0.1977	0.1145	0.6513899	-0.25028443	-0.592369
66.5	68.5	78.0914546743279	29.900271921778288	0.0396	0.0528	0.074	0.0639	0.1162	0.2783	0.3157	0.3284	0.3384	0.343	0.1977	0.1145	0.6742289	-0.24843185	-0.63220674
106.5	68.5	78.09514426211896	29.900271921778288	0.0409	0.0512	0.0838	0.0688	0.1181	0.2535	0.2943	0.3124	0.3212	0.3235	0.1844	0.1036	0.6390346	-0.25764894	-0.5769813
107.5	68.5	78.09523650181374	29.900271921778288	0.0412	0.0526	0.0805	0.067	0.1182	0.2627	0.3028	0.3211	0.3342	0.3302	0.1887	0.1051	0.6547282	-0.2597097	-0.59910357
108.5	68.5	78.09532874150852	29.900271921778288	0.0412	0.0526	0.0805	0.067	0.1182	0.2627	0.3028	0.3211	0.3342	0.3302	0.1887	0.1051	0.6547282	-0.2597097	-0.59910357
109.5	68.5	78.09542098120329	29.900271921778288	0.0412	0.0491	0.0808	0.0645	0.1182	0.2627	0.3028	0.3215	0.3342	0.3302	0.1887	0.1051	0.66580313	-0.2602901	-0.59830976
110.5	68.5	78.09551322089807	29.900271921778288	0.0431	0.0475	0.0805	0.0654	0.1227	0.2669	0.3044	0.3244	0.3359	0.3302	0.1902	0.106	0.6644433	-0.26078507	-0.602371
111.5	68.5	78.09560546059285	29.900271921778288	0.0431	0.0484	0.08	0.0643	0.1227	0.2669	0.3044	0.3224	0.3359	0.3302	0.1902	0.106	0.66744244	-0.2579009	-0.6023857
112.5	68.5	78.09569770028763	29.900271921778288	0.0476	0.0526	0.08	0.0614	0.1276	0.2891	0.3388	0.3419	0.3565	0.3302	0.205	0.1178	0.695512	-0.25032	-0.62076324
50.5	69.5	78.08997883921148	29.90017968208351	0.0361	0.0475	0.0764	0.058	0.1142	0.3108	0.3573	0.3506	0.3783	0.3729	0.1891	0.1006	0.7161038	-0.29924032	-0.6421546
51.5	69.5	78.09007107890626	29.90017968208351	0.0358	0.0526	0.0796	0.059	0.1161	0.3059	0.3524	0.3488	0.3749	0.3729	0.1899	0.1015	0.71064246	-0.29496938	-0.6283847
52.5	69.5	78.09016331860103	29.90017968208351	0.0358	0.0452	0.0784	0.0542	0.1161	0.3059	0.3524	0.3536	0.3749	0.3729	0.1899	0.1015	0.73418343	-0.30119595	-0.63703704
53.5	69.5	78.09025555829581	29.90017968208351	0.0358	0.0452	0.0784	0.0542	0.1161	0.3059	0.3524	0.3536	0.3749	0.3729	0.1899	0.1015	0.73418343	-0.30119595	-0.63703704
54.5	69.5	78.09034779799059	29.90017968208351	0.036	0.046	0.0752	0.0603	0.114	0.3087	0.3531	0.3528	0.3724	0.3748	0.1894	0.0994	0.70806104	-0.3013648	-0.64859813
55.5	69.5	78.09044003768537	29.90017968208351	0.036	0.0456	0.0739	0.0601	0.114	0.3087	0.3531	0.3536	0.3724	0.3748	0.1894	0.0994	0.7094513	-0.3023941	-0.654269
56.5	69.5	78.09053227738013	29.90017968208351	0.0365	0.0518	0.0784	0.0597	0.1155	0.3083	0.354	0.3444	0.3766	0.3748	0.1898	0.1041	0.70452857	-0.28940472	-0.62913907
57.5	69.5	78.09062451707491	29.90017968208351	0.0365	0.0499	0.0799	0.0615	0.1155	0.3083	0.354	0.3557	0.3766	0.3748	0.1898	0.1041	0.70517737	-0.30412465	-0.6331497
58.5	69.5	78.0907167567697	29.90017968208351	0.037	0.0514	0.082	0.0612	0.1175	0.3003	0.3431	0.3484	0.3629	0.3748	0.1887	0.1059	0.7011719	-0.29733753	-0.61895907
59.5	69.5	78.09080899646447	29.90017968208351	0.0373	0.0606	0.0952	0.0785	0.1243	0.298	0.3372	0.3211	0.3601	0.3748	0.199	0.1131	0.6071071	-0.23476253	-0.5426375
60.5	69.5	78.09090123615924	29.90017968208351	0.0378	0.0553	0.0832	0.0658	0.1235	0.2831	0.3253	0.3212	0.3425	0.343	0.1997	0.1129	0.6599483	-0.23325017	-0.58852625
61.5	69.5	78.09099347585402	29.90017968208351	0.0378	0.0483	0.0754	0.0578	0.1235	0.2831	0.3253	0.3388	0.3425	0.343	0.1997	0.1129	0.70852244	-0.25831014	-0.6359247
62.5	69.5	78.0910857155488	29.90017968208351	0.0378	0.0483	0.0754	0.0578	0.1235	0.2831	0.3253	0.3388	0.3425	0.343	0.1997	0.1129	0.70852244	-0.25831014	-0.6359247
63.5	69.5	78.09117795524358	29.90017968208351	0.0388	0.0496	0.0742	0.0618	0.1182	0.2766	0.3186	0.3307	0.3347	0.343	0.1941	0.1094	0.68509555	-0.26028964	-0.6334898
64.5	69.5	78.09127019493835	29.90017968208351	0.0388	0.0509	0.0809	0.0626	0.1182	0.2766	0.3186	0.3268	0.3347	0.343	0.1941	0.1094	0.6784797	-0.25475135	-0.6031396
65.5	69.5	78.09136243463313	29.90017968208351	0.0396	0.0522	0.0786	0.0609	0.1162	0.2783	0.3157	0.32	0.3384	0.343	0.1977	0.1145	0.68023103	-0.23623721	-0.60561967
107.5	69.5	78.09523650181374	29.90017968208351	0.0416	0.0503	0.0824	0.0644	0.1136	0.2458	0.2914	0.3081	0.3128	0.3216	0.193	0.1101	0.65422815	-0.22969463	-0.57797694
108.5	69.5	78.09532874150852	29.90017968208351	0.0416	0.0503	0.0824	0.0644	0.1136	0.2458	0.2914	0.3081	0.3128	0.3216	0.193	0.1101	0.65422815	-0.22969463	-0.57797694
109.5	69.5	78.09542098120329	29.90017968208351	0.0416	0.0479	0.0786	0.0694	0.1136	0.2458	0.2914	0.2976	0.3128	0.3216	0.193	0.1101	0.6217984	-0.2132083	-0.58213717
110.5	69.5	78.09551322089807	29.90017968208351	0.043	0.0501	0.0817	0.0662	0.1208	0.2508	0.2879	0.3192	0.3167	0.3216	0.1967	0.1131	0.6564608	-0.23744911	-0.59241706
111.5	69.5	78.09560546059285	29.90017968208351	0.043	0.0524	0.0828	0.065	0.1208	0.2508	0.2879	0.3212	0.3167	0.3216	0.1967	0.1131	0.6633869	-0.2403939	-0.59009904
50.5	70.5	78.08997883921148	29.900087442388735	0.0361	0.0488	0.0728	0.0559	0.1142	0.3108	0.3573	0.3576	0.3783	0.3729	0.1891	0.1006	0.72962517	-0.30821294	-0.66171
51.5	70.5	78.09007107890626	29.900087442388735	0.0358	0.0498	0.0754	0.0542	0.1161	0.3059	0.3524	0.3616	0.3749	0.3729	0.1899	0.1015	0.73929775	-0.31133276	-0.6549199
52.5	70.5	78.09016331860103	29.900087442388735	0.0358	0.0421	0.0736	0.0534	0.1161	0.3059	0.3524	0.3612	0.3749	0.3729	0.1899	0.1015	0.7424023	-0.3108329	-0.66145355
53.5	70.5	78.09025555829581	29.900087442388735	0.0358	0.0421	0.0736	0.0534	0.1161	0.3059	0.3524	0.3612	0.3749	0.3729	0.1899	0.1015	0.7424023	-0.3108329	-0.66145355
54.5	70.5	78.09034779799059	29.900087442388735	0.036	0.0434	0.0688	0.0538	0.114	0.3087	0.3531	0.3747	0.3724	0.3748	0.1894	0.0994	0.7488915	-0.32848787	-0.6897407
55.5	70.5	78.09044003768537	29.900087442388735	0.036	0.0474	0.0752	0.0566	0.114	0.3087	0.3531	0.3751	0.3724	0.3748	0.1894	0.0994	0.73778087	-0.32896367	-0.6660004
56.5	70.5	78.09053227738013	29.900087442388735	0.0365	0.0485	0.0752	0.0546	0.1155	0.3083	0.354	0.3728	0.3766	0.3748	0.1898	0.1041	0.74450165	-0.3252755	-0.6642857
57.5	70.5	78.09062451707491	29.900087442388735	0.0365	0.0479	0.0762	0.0577	0.1155	0.3083	0.354	0.3615	0.3766	0.3748	0.1898	0.1041	0.72471374	-0.31144568	-0.6518163
58.5	70.5	78.0907167567697	29.900087442388735	0.037	0.0463	0.078	0.0566	0.1175	0.3003	0.3431	0.3492	0.3629	0.3748	0.1887	0.1059	0.72104484	-0.2983826	-0.6348315
59.5	70.5	78.09080899646447	29.900087442388735	0.037	0.0468	0.076	0.0586	0.1175	0.3003	0.3431	0.3641	0.3629	0.3748	0.1887	0.1059	0.7227348	-0.31729376	-0.654624
60.5	70.5	78.09090123615924	29.900087442388735	0.0381	0.0568	0.085	0.0692	0.123	0.2929	0.3343	0.3388	0.36	0.343	0.1935	0.109	0.6607843	-0.27296638	-0.5988674
61.5	70.5	78.09099347585402	29.900087442388735	0.0381	0.0501	0.082	0.0664	0.123	0.2929	0.3343	0.3425	0.36	0.343	0.1935	0.109	0.6752262	-0.2779851	-0.61366314
62.5	70.5	78.0910857155488	29.900087442388735	0.0381	0.0501	0.082	0.0664	0.123	0.2929	0.3343	0.3425	0.36	0.343	0.1935	0.109	0.6752262	-0.2779851	-0.61366314
63.5	70.5	78.09117795524358	29.900087442388735	0.0389	0.0536	0.0778	0.0662	0.1189	0.279	0.3204	0.3251	0.3372	0.343	0.1977	0.1105	0.6616407	-0.24368785	-0.6138
64.5	70.5	78.09127019493835	29.900087442388735	0.0389	0.0509	0.0766	0.0636	0.1189	0.279	0.3204	0.3099	0.3372	0.343	0.1977	0.1105	0.6594377	-0.22104019	-0.60362226
107.5	70.5	78.09523650181374	29.900087442388735	0.0416	0.0491	0.0777	0.0643	0.1136	0.2458	0.2914	0.2857	0.3128	0.3216	0.193	0.1101	0.6325714	-0.19364944	-0.572372
108.5	70.5	78.09532874150852	29.900087442388735	0.0416	0.0491	0.0777	0.0643	0.1136	0.2458	0.2914	0.2857	0.3128	0.3216	0.193	0.1101	0.6325714	-0.19364944	-0.572372
109.5	70.5	78.09542098120329	29.900087442388735	0.0416	0.0501	0.0747	0.0664	0.1136	0.2458	0.2914	0.2864	0.3128	0.3216	0.193	0.1101	0.6235828	-0.19482684	-0.5862642
110.5	70.5	78.09551322089807	29.900087442388735	0.043	0.0477	0.0799	0.0691	0.1208	0.2508	0.2879	0.2886	0.3167	0.3216	0.1967	0.1131	0.6136427	-0.18936738	-0.5663501
50.5	71.5	78.08997883921148	29.899995202693958	0.0378	0.0475	0.0761	0.058	0.1172	0.3177	0.3689	0.3784	0.3831	0.3729	0.1904	0.1003	0.7341888	-0.3305204	-0.6651265
51.5	71.5	78.09007107890626	29.899995202693958	0.0367	0.0473	0.0745	0.0522	0.1127	0.3074	0.3608	0.3773	0.3814	0.3729	0.1879	0.0984	0.75692666	-0.3351026	-0.67020804
52.5	71.5	78.09016331860103	29.899995202693958	0.0367	0.0441	0.0744	0.0512	0.1127	0.3074	0.3608	0.364	0.3814	0.3729	0.1879	0.0984	0.7533719	-0.31907952	-0.6605839
53.5	71.5	78.09025555829581	29.899995202693958	0.0367	0.0441	0.0744	0.0512	0.1127	0.3074	0.3608	0.364	0.3814	0.3729	0.1879	0.0984	0.7533719	-0.31907952	-0.6605839
54.5	71.5	78.09034779799059	29.899995202693958	0.0366	0.0468	0.0734	0.0524	0.1135	0.3205	0.3724	0.3759	0.3902	0.3748	0.1852	0.0958	0.75531167	-0.3398681	-0.6732695
55.5	71.5	78.09044003768537	29.899995202693958	0.0366	0.049	0.0784	0.0536	0.1135	0.3205	0.3724	0.3829	0.3902	0.3748	0.1852	0.0958	0.7544101	-0.3480021	-0.66009104
56.5	71.5	78.09053227738013	29.899995202693958	0.0368	0.046	0.078	0.0543	0.119	0.3257	0.382	0.3892	0.4019	0.3748	0.1847	0.0959	0.75512964	-0.35633385	-0.6660959
57.5	71.5	78.09062451707491	29.899995202693958	0.0368	0.0477	0.0812	0.0562	0.119	0.3257	0.382	0.3908	0.4019	0.3748	0.1847	0.0959	0.7485459	-0.35812336	-0.6559322
58.5	71.5	78.0907167567697	29.899995202693958	0.0376	0.0416	0.0744	0.0574	0.113	0.3078	0.3508	0.3684	0.3805	0.3748	0.1853	0.0969	0.73038983	-0.3306845	-0.66395664
59.5	71.5	78.09080899646447	29.899995202693958	0.0376	0.0436	0.0732	0.0553	0.113	0.3078	0.3508	0.354	0.3805	0.3748	0.1853	0.0969	0.7297826	-0.31281292	-0.6573034
60.5	71.5	78.09090123615924	29.899995202693958	0.039	0.0522	0.0759	0.0561	0.118	0.2951	0.3374	0.346	0.3578	0.343	0.189	0.1029	0.7209649	-0.29345793	-0.64019907
61.5	71.5	78.09099347585402	29.899995202693958	0.0381	0.0501	0.0856	0.068	0.123	0.2929	0.3343	0.3444	0.36	0.343	0.1935	0.109	0.67022306	-0.2805354	-0.60186046
62.5	71.5	78.0910857155488	29.899995202693958	0.0381	0.0501	0.0856	0.068	0.123	0.2929	0.3343	0.3444	0.36	0.343	0.1935	0.109	0.67022306	-0.2805354	-0.60186046
63.5	71.5	78.09117795524358	29.899995202693958	0.0389	0.0554	0.0824	0.0691	0.1189	0.279	0.3204	0.3151	0.3372	0.343	0.1977	0.1105	0.6402915	-0.22893919	-0.5854088
107.5	71.5	78.09523650181374	29.899995202693958	0.0431	0.053	0.0802	0.0664	0.1194	0.2576	0.2989	0.2997	0.3341	0.3216	0.2033	0.1163	0.6372576	-0.1916501	-0.5777836
108.5	71.5	78.09532874150852	29.899995202693958	0.0431	0.053	0.0802	0.0664	0.1194	0.2576	0.2989	0.2997	0.3341	0.3216	0.2033	0.1163	0.6372576	-0.1916501	-0.5777836
109.5	71.5	78.09542098120329	29.899995202693958	0.0431	0.0505	0.0723	0.0644	0.1194	0.2576	0.2989	0.2855	0.3341	0.3216	0.2033	0.1163	0.6318948	-0.16816692	-0.5958636
110.5	71.5	78.09551322089807	29.899995202693958	0.0439	0.0475	0.0736	0.0678	0.1197	0.2377	0.2668	0.2752	0.2968	0.3216	0.1907	0.1113	0.60466474	-0.18136942	-0.57798165
51.5	72.5	78.09007107890626	29.89990296299918	0.0367	0.0475	0.0732	0.0532	0.1127	0.3074	0.3608	0.3672	0.3814	0.3729	0.1879	0.0984	0.7469077	-0.32300484	-0.66757494
52.5	72.5	78.09016331860103	29.89990296299918	0.0367	0.0475	0.0736	0.054	0.1127	0.3074	0.3608	0.346	0.3814	0.3729	0.1879	0.0984	0.72999996	-0.29612285	-0.6491897
53.5	72.5	78.09025555829581	29.89990296299918	0.0367	0.0475	0.0736	0.054	0.1127	0.3074	0.3608	0.346	0.3814	0.3729	0.1879	0.0984	0.72999996	-0.29612285	-0.6491897
54.5	72.5	78.09034779799059	29.89990296299918	0.0366	0.0498	0.0745	0.056	0.1135	0.3205	0.3724	0.3587	0.3902	0.3748	0.1852	0.0958	0.7299252	-0.31899247	-0.656048
55.5	72.5	78.09044003768537	29.89990296299918	0.0366	0.0472	0.0754	0.055	0.1135	0.3205	0.3724	0.3728	0.3902	0.3748	0.1852	0.0958	0.7428705	-0.33620068	-0.66354305
56.5	72.5	78.09053227738013	29.89990296299918	0.0368	0.0448	0.0766	0.0532	0.119	0.3257	0.382	0.3884	0.4019	0.3748	0.1847	0.0959	0.75905794	-0.35543534	-0.67053765
57.5	72.5	78.09062451707491	29.89990296299918	0.0368	0.0474	0.0773	0.0556	0.119	0.3257	0.382	0.3936	0.4019	0.3748	0.1847	0.0959	0.7524488	-0.36123118	-0.6716925
58.5	72.5	78.0907167567697	29.89990296299918	0.0376	0.0489	0.0774	0.0566	0.113	0.3078	0.3508	0.3752	0.3805	0.3748	0.1853	0.0969	0.7378416	-0.33880466	-0.65797615
59.5	72.5	78.09080899646447	29.89990296299918	0.0376	0.0459	0.0741	0.0538	0.113	0.3078	0.3508	0.3544	0.3805	0.3748	0.1853	0.0969	0.7364037	-0.31332225	-0.6541424
60.5	72.5	78.09090123615924	29.89990296299918	0.039	0.0486	0.074	0.0556	0.118	0.2951	0.3374	0.3392	0.3578	0.343	0.189	0.1029	0.7183384	-0.284362	-0.64181995
61.5	72.5	78.09099347585402	29.89990296299918	0.039	0.0522	0.0786	0.0588	0.118	0.2951	0.3374	0.3491	0.3578	0.343	0.189	0.1029	0.71169406	-0.29752836	-0.63245267
62.5	72.5	78.0910857155488	29.89990296299918	0.04	0.0525	0.0782	0.0637	0.1221	0.2825	0.3185	0.334	0.3458	0.343	0.1995	0.1136	0.67965806	-0.25210872	-0.62057257
108.5	72.5	78.09532874150852	29.89990296299918	0.0431	0.05	0.0782	0.0673	0.1194	0.2576	0.2989	0.3175	0.3341	0.3216	0.2033	0.1163	0.6502079	-0.21927802	-0.60475105
109.5	72.5	78.09542098120329	29.89990296299918	0.0431	0.05	0.0782	0.0673	0.1194	0.2576	0.2989	0.3175	0.3341	0.3216	0.2033	0.1163	0.6502079	-0.21927802	-0.60475105
51.5	73.5	78.09007107890626	29.899810723304405	0.0384	0.047	0.0756	0.0571	0.1151	0.3016	0.3426	0.3616	0.3731	0.3723	0.1924	0.1039	0.727251	-0.30541518	-0.6541629
52.5	73.5	78.09016331860103	29.899810723304405	0.0384	0.046	0.073	0.0511	0.1151	0.3016	0.3426	0.3572	0.3731	0.3723	0.1924	0.1039	0.7496939	-0.29985446	-0.66062295
53.5	73.5	78.09025555829581	29.899810723304405	0.0378	0.046	0.0746	0.0542	0.116	0.3202	0.3629	0.3776	0.3849	0.3761	0.1935	0.1026	0.7489579	-0.32236037	-0.6700575
54.5	73.5	78.09034779799059	29.899810723304405	0.0378	0.046	0.0746	0.0542	0.116	0.3202	0.3629	0.3776	0.3849	0.3761	0.1935	0.1026	0.7489579	-0.32236037	-0.6700575
55.5	73.5	78.09044003768537	29.899810723304405	0.0378	0.045	0.078	0.0544	0.116	0.3202	0.3629	0.3796	0.3849	0.3761	0.1935	0.1026	0.74930876	-0.32472518	-0.6590909
56.5	73.5	78.09053227738013	29.899810723304405	0.0377	0.0466	0.0785	0.0534	0.1174	0.3204	0.3789	0.3872	0.3957	0.3761	0.1912	0.1	0.7576033	-0.33886582	-0.6628731
57.5	73.5	78.09062451707491	29.899810723304405	0.0377	0.0464	0.0786	0.056	0.1174	0.3204	0.3789	0.3781	0.3957	0.3761	0.1912	0.1	0.7419949	-0.3282979	-0.6557916
58.5	73.5	78.0907167567697	29.899810723304405	0.0391	0.0494	0.0781	0.057	0.1158	0.3051	0.3414	0.3572	0.3689	0.3761	0.1867	0.1021	0.72477067	-0.31347674	-0.641167
59.5	73.5	78.09080899646447	29.899810723304405	0.0391	0.048	0.0785	0.0578	0.1158	0.3051	0.3414	0.3556	0.3689	0.3761	0.1867	0.1021	0.72036767	-0.31145123	-0.6383322
60.5	73.5	78.09090123615924	29.899810723304405	0.041	0.049	0.0774	0.0618	0.1163	0.2844	0.3219	0.3344	0.3409	0.3501	0.1877	0.1056	0.6880363	-0.28098065	-0.62408936
108.5	73.5	78.09532874150852	29.899810723304405	0.0449	0.0514	0.0878	0.0692	0.1365	0.282	0.3355	0.3316	0.3555	0.3216	0.2147	0.1274	0.6546906	-0.21398501	-0.58130664
52.5	74.5	78.09016331860103	29.89971848360963	0.0384	0.052	0.0792	0.0618	0.1151	0.3016	0.3426	0.3537	0.3731	0.3723	0.1924	0.1039	0.7025271	-0.29536718	-0.63409567
53.5	74.5	78.09025555829581	29.89971848360963	0.0378	0.0509	0.0822	0.0606	0.116	0.3202	0.3629	0.3715	0.3849	0.3761	0.1935	0.1026	0.71950936	-0.31504422	-0.637646
54.5	74.5	78.09034779799059	29.89971848360963	0.0378	0.0509	0.0822	0.0606	0.116	0.3202	0.3629	0.3715	0.3849	0.3761	0.1935	0.1026	0.71950936	-0.31504422	-0.637646
55.5	74.5	78.09044003768537	29.89971848360963	0.0378	0.0458	0.081	0.0554	0.116	0.3202	0.3629	0.3843	0.3849	0.3761	0.1935	0.1026	0.74801	-0.33021808	-0.6518375
56.5	74.5	78.09053227738013	29.89971848360963	0.0377	0.0466	0.0737	0.0554	0.1174	0.3204	0.3789	0.3852	0.3957	0.3761	0.1912	0.1	0.7485247	-0.3365718	-0.6787971
57.5	74.5	78.09062451707491	29.89971848360963	0.0377	0.0485	0.0744	0.0538	0.1174	0.3204	0.3789	0.3651	0.3957	0.3761	0.1912	0.1	0.74313676	-0.3126011	-0.66143346
58.5	74.5	78.0907167567697	29.89971848360963	0.0391	0.0516	0.0792	0.0594	0.1158	0.3051	0.3414	0.35	0.3689	0.3761	0.1867	0.1021	0.70981926	-0.3042668	-0.6309413
59.5	74.5	78.09080899646447	29.89971848360963	0.0391	0.0476	0.0834	0.061	0.1158	0.3051	0.3414	0.3492	0.3689	0.3761	0.1867	0.1021	0.7025841	-0.30322823	-0.6144244
108.5	74.5	78.09532874150852	29.89971848360963	0.0449	0.0548	0.0894	0.075	0.1365	0.282	0.3355	0.3307	0.3555	0.3216	0.2147	0.1274	0.6302687	-0.21268795	-0.5743871
53.5	75.5	78.09025555829581	29.899626243914852	0.0384	0.0532	0.078	0.0647	0.1246	0.3169	0.3603	0.3571	0.3877	0.3761	0.1993	0.1076	0.69321954	-0.2836089	-0.64146173
54.5	75.5	78.09034779799059	29.899626243914852	0.0384	0.0532	0.078	0.0647	0.1246	0.3169	0.3603	0.3571	0.3877	0.3761	0.1993	0.1076	0.69321954	-0.2836089	-0.64146173
55.5	75.5	78.09044003768537	29.899626243914852	0.0384	0.0472	0.0819	0.059	0.1246	0.3169	0.3603	0.3727	0.3877	0.3761	0.1993	0.1076	0.72666204	-0.30314684	-0.63968325
56.5	75.5	78.09053227738013	29.899626243914852	0.0383	0.0476	0.0766	0.058	0.119	0.3103	0.3595	0.3768	0.3764	0.3761	0.1977	0.1077	0.7332107	-0.31174937	-0.66210854
57.5	75.5	78.09062451707491	29.899626243914852	0.0383	0.0472	0.0766	0.0586	0.119	0.3103	0.3595	0.3752	0.3764	0.3761	0.1977	0.1077	0.72982943	-0.3098272	-0.6609119
58.5	75.5	78.0907167567697	29.899626243914852	0.0397	0.0466	0.0794	0.061	0.1187	0.3007	0.349	0.3532	0.3614	0.3761	0.1903	0.1041	0.7054563	-0.29972398	-0.6329172
54.5	76.5	78.09034779799059	29.899534004220076	0.0384	0.0528	0.0766	0.0636	0.1246	0.3169	0.3603	0.3703	0.3877	0.3761	0.1993	0.1076	0.70684487	-0.30021065	-0.657194
55.5	76.5	78.09044003768537	29.899534004220076	0.0384	0.0532	0.0856	0.0623	0.1246	0.3169	0.3603	0.3704	0.3877	0.3761	0.1993	0.1076	0.71204066	-0.3003335	-0.6245614
56.5	76.5	78.09053227738013	29.899534004220076	0.0383	0.0498	0.08	0.0626	0.119	0.3103	0.3595	0.3636	0.3764	0.3761	0.1977	0.1077	0.7062412	-0.29556388	-0.6393147
57.5	76.5	78.09062451707491	29.899534004220076	0.0383	0.0496	0.0774	0.0623	0.119	0.3103	0.3595	0.3471	0.3764	0.3761	0.1977	0.1077	0.6956522	-0.27422908	-0.6353357
55.5	77.5	78.09044003768537	29.8994417645253	0.0387	0.0512	0.0822	0.0608	0.1167	0.3055	0.3526	0.3584	0.3748	0.3761	0.1937	0.1059	0.7099236	-0.2983155	-0.6268724
56.5	77.5	78.09053227738013	29.8994417645253	0.0384	0.051	0.0786	0.0617	0.1199	0.2987	0.3361	0.3532	0.362	0.3761	0.2026	0.112	0.7025789	-0.27096075	-0.6359426
55.5	78.5	78.09044003768537	29.899349524830523	0.0387	0.0502	0.0766	0.059	0.1167	0.3055	0.3526	0.3419	0.3748	0.3761	0.1937	0.1059	0.70566225	-0.276699	-0.6339307
10.5	86.5	78.08628925142042	29.89861160727231	0.0429	0.0465	0.0628	0.0492	0.0884	0.2257	0.2745	0.2846	0.2907	0.3021	0.1507	0.0795	0.7052127	-0.30760393	-0.6384571
10.5	87.5	78.08628925142042	29.898519367577535	0.0429	0.045	0.0674	0.0509	0.0884	0.2257	0.2745	0.272	0.2907	0.3021	0.1507	0.0795	0.68473214	-0.28696477	-0.60282856
11.5	87.5	78.0863814911152	29.898519367577535	0.0429	0.045	0.0674	0.0509	0.0884	0.2257	0.2745	0.272	0.2907	0.3021	0.1507	0.0795	0.68473214	-0.28696477	-0.60282856
12.5	87.5	78.08647373080997	29.898519367577535	0.0429	0.0442	0.0715	0.0524	0.0884	0.2257	0.2745	0.3022	0.2907	0.3021	0.1507	0.0795	0.70445573	-0.3345109	-0.6173401
11.5	88.5	78.0863814911152	29.89842712788276	0.0423	0.0433	0.0654	0.0531	0.0853	0.2058	0.2376	0.2276	0.2654	0.3021	0.1401	0.0756	0.6216601	-0.23796572	-0.5535836
12.5	88.5	78.08647373080997	29.89842712788276	0.0423	0.0433	0.0654	0.0531	0.0853	0.2058	0.2376	0.2276	0.2654	0.3021	0.1401	0.0756	0.6216601	-0.23796572	-0.5535836
13.5	88.5	78.08656597050475	29.89842712788276	0.0467	0.0404	0.0605	0.0497	0.0894	0.2139	0.2619	0.2436	0.2809	0.2874	0.1582	0.0903	0.6610978	-0.21254356	-0.60210454
11.5	89.5	78.0863814911152	29.898334888187982	0.0423	0.0442	0.061	0.05	0.0853	0.2058	0.2376	0.2306	0.2654	0.3021	0.1401	0.0756	0.6436208	-0.24413271	-0.58161867
12.5	89.5	78.08647373080997	29.898334888187982	0.0423	0.0442	0.061	0.05	0.0853	0.2058	0.2376	0.2306	0.2654	0.3021	0.1401	0.0756	0.6436208	-0.24413271	-0.58161867
13.5	89.5	78.08656597050475	29.898334888187982	0.0467	0.0466	0.0622	0.0585	0.0894	0.2139	0.2619	0.2644	0.2809	0.2874	0.1582	0.0903	0.6376587	-0.2513015	-0.61910594
14.5	89.5	78.08665821019953	29.898334888187982	0.0467	0.0485	0.0722	0.0643	0.0894	0.2139	0.2619	0.282	0.2809	0.2874	0.1582	0.0903	0.62864566	-0.2812358	-0.59232074
11.5	90.5	78.0863814911152	29.898242648493206	0.0427	0.0443	0.0601	0.0518	0.0802	0.2011	0.248	0.241	0.2602	0.3089	0.1456	0.0807	0.64617485	-0.24676666	-0.60079706
12.5	90.5	78.08647373080997	29.898242648493206	0.0427	0.0443	0.0601	0.0518	0.0802	0.2011	0.248	0.241	0.2602	0.3089	0.1456	0.0807	0.64617485	-0.24676666	-0.60079706
13.5	90.5	78.08656597050475	29.898242648493206	0.0451	0.0505	0.0737	0.0638	0.0946	0.2053	0.2559	0.259	0.2704	0.3005	0.1657	0.1042	0.6047088	-0.21968448	-0.5569582
14.5	90.5	78.08665821019953	29.898242648493206	0.0451	0.0501	0.0772	0.065	0.0946	0.2053	0.2559	0.2629	0.2704	0.3005	0.1657	0.1042	0.6035377	-0.22678486	-0.54601586
15.5	90.5	78.08675044989431	29.898242648493206	0.0486	0.0496	0.0704	0.0592	0.093	0.1933	0.2418	0.2364	0.2439	0.3005	0.1632	0.099	0.5994587	-0.18318315	-0.5410691
12.5	91.5	78.08647373080997	29.89815040879843	0.0427	0.0404	0.0542	0.0467	0.0802	0.2011	0.248	0.2247	0.2602	0.3089	0.1456	0.0807	0.6558585	-0.21361057	-0.6113302
13.5	91.5	78.08656597050475	29.89815040879843	0.0451	0.0488	0.0698	0.0596	0.0946	0.2053	0.2559	0.2434	0.2704	0.3005	0.1657	0.1042	0.60660064	-0.18992908	-0.55427843
14.5	91.5	78.08665821019953	29.89815040879843	0.0451	0.053	0.0749	0.0736	0.0946	0.2053	0.2559	0.2634	0.2704	0.3005	0.1657	0.1042	0.5632047	-0.22768582	-0.55719775
15.5	91.5	78.08675044989431	29.89815040879843	0.0486	0.0437	0.0672	0.0498	0.093	0.1933	0.2418	0.2406	0.2439	0.3005	0.1632	0.099	0.6570248	-0.19167905	-0.5633528
69.5	91.5	78.09173139341223	29.89815040879843	0.0386	0.0412	0.058	0.0452	0.0859	0.2321	0.2972	0.2867	0.3012	0.3223	0.1532	0.0798	0.7276288	-0.3034781	-0.6634755
70.5	91.5	78.09182363310701	29.89815040879843	0.0386	0.0415	0.0601	0.0497	0.0859	0.2321	0.2972	0.3311	0.3012	0.3223	0.1532	0.0798	0.7389706	-0.36733428	-0.69274026
71.5	91.5	78.09191587280179	29.89815040879843	0.0397	0.0466	0.068	0.0522	0.087	0.2396	0.3065	0.3276	0.3208	0.3223	0.1565	0.0817	0.72511846	-0.3534394	-0.6562184
12.5	92.5	78.08647373080997	29.898058169103653	0.0446	0.0457	0.0684	0.054	0.0885	0.2141	0.2598	0.281	0.2845	0.3005	0.1549	0.0896	0.67761195	-0.28928652	-0.60847163
13.5	92.5	78.08656597050475	29.898058169103653	0.0446	0.0457	0.0684	0.054	0.0885	0.2141	0.2598	0.281	0.2845	0.3005	0.1549	0.0896	0.67761195	-0.28928652	-0.60847163
67.5	92.5	78.09154691402269	29.898058169103653	0.0394	0.0414	0.0631	0.047	0.0844	0.2161	0.2752	0.2801	0.2838	0.3223	0.1533	0.0789	0.7126261	-0.29257035	-0.63228434
68.5	92.5	78.09163915371745	29.898058169103653	0.0394	0.0414	0.0631	0.047	0.0844	0.2161	0.2752	0.2801	0.2838	0.3223	0.1533	0.0789	0.7126261	-0.29257035	-0.63228434
69.5	92.5	78.09173139341223	29.898058169103653	0.0386	0.0443	0.0629	0.0481	0.0859	0.2321	0.2972	0.3019	0.3012	0.3223	0.1532	0.0798	0.72514284	-0.32674137	-0.6551535
70.5	92.5	78.09182363310701	29.898058169103653	0.0386	0.0423	0.0612	0.0466	0.0859	0.2321	0.2972	0.3088	0.3012	0.3223	0.1532	0.0798	0.7377603	-0.33679655	-0.6691892
68.5	93.5	78.09163915371745	29.897965929408876	0.0369	0.0446	0.0689	0.0527	0.095	0.2661	0.3187	0.3444	0.3448	0.3223	0.1637	0.0822	0.7345756	-0.35563865	-0.66658604
69.5	93.5	78.09173139341223	29.897965929408876	0.0358	0.0442	0.0673	0.0516	0.0912	0.2513	0.3077	0.3308	0.3322	0.3223	0.1632	0.082	0.7301255	-0.33927125	-0.661894
70.5	93.5	78.09182363310701	29.897965929408876	0.0358	0.0444	0.061	0.0468	0.0912	0.2513	0.3077	0.2836	0.3322	0.3223	0.1632	0.082	0.71670705	-0.2694718	-0.64596635
68.5	94.5	78.09163915371745	29.8978736897141	0.0369	0.0447	0.0662	0.0506	0.095	0.2661	0.3187	0.3488	0.3448	0.3223	0.1637	0.0822	0.74661994	-0.36117074	-0.6809639
69.5	94.5	78.09173139341223	29.8978736897141	0.0358	0.0431	0.0687	0.0514	0.0912	0.2513	0.3077	0.34	0.3322	0.3223	0.1632	0.082	0.7373531	-0.35135135	-0.6638121
69.5	95.5	78.09173139341223	29.897781450019323	0.037	0.0451	0.0599	0.0515	0.0922	0.242	0.297	0.3018	0.3198	0.3223	0.1626	0.0837	0.7084631	-0.29974163	-0.6687863
106.5	106.5	78.09514426211896	29.896766813376782	0.0453	0.0542	0.0882	0.0747	0.1438	0.2769	0.3098	0.3332	0.3421	0.326	0.2069	0.126	0.63373375	-0.23384559	-0.5813953
107.5	106.5	78.09523650181374	29.896766813376782	0.0453	0.0534	0.0904	0.076	0.1438	0.2769	0.3098	0.3288	0.3421	0.326	0.2069	0.126	0.62450594	-0.22755273	-0.5687023
108.5	106.5	78.09532874150852	29.896766813376782	0.0453	0.0534	0.0904	0.076	0.1438	0.2769	0.3098	0.3288	0.3421	0.326	0.2069	0.126	0.62450594	-0.22755273	-0.5687023
109.5	106.5	78.09542098120329	29.896766813376782	0.0484	0.0568	0.0942	0.0828	0.1518	0.2754	0.3112	0.326	0.3348	0.326	0.2103	0.1257	0.59491193	-0.21573748	-0.55164206
110.5	106.5	78.09551322089807	29.896766813376782	0.0484	0.0581	0.0962	0.0842	0.1518	0.2754	0.3112	0.3196	0.3348	0.326	0.2103	0.1257	0.58296186	-0.20626532	-0.5372775
111.5	106.5	78.09560546059285	29.896766813376782	0.0514	0.0566	0.0966	0.0814	0.1518	0.2599	0.2942	0.3205	0.3214	0.326	0.2258	0.1459	0.5949241	-0.17334798	-0.5368017
106.5	107.5	78.09514426211896	29.896674573682006	0.0453	0.056	0.0938	0.0807	0.1438	0.2769	0.3098	0.3124	0.3421	0.326	0.2069	0.126	0.58941746	-0.20315811	-0.53815854
107.5	107.5	78.09523650181374	29.896674573682006	0.0453	0.0548	0.0914	0.0794	0.1438	0.2769	0.3098	0.3041	0.3421	0.326	0.2069	0.126	0.58591914	-0.19021527	-0.53780025
108.5	107.5	78.09532874150852	29.896674573682006	0.0453	0.0548	0.0914	0.0794	0.1438	0.2769	0.3098	0.3041	0.3421	0.326	0.2069	0.126	0.58591914	-0.19021527	-0.53780025
109.5	107.5	78.09542098120329	29.896674573682006	0.0484	0.0568	0.0934	0.0798	0.1518	0.2754	0.3112	0.3157	0.3348	0.326	0.2103	0.1257	0.59646016	-0.20038022	-0.5433879
110.5	107.5	78.09551322089807	29.896674573682006	0.0484	0.0579	0.0924	0.0814	0.1518	0.2754	0.3112	0.3184	0.3348	0.326	0.2103	0.1257	0.5927964	-0.20446378	-0.55014604
105.5	108.5	78.09505202242418	29.89658233398723	0.0421	0.0544	0.0894	0.0769	0.1453	0.27	0.3076	0.3163	0.3316	0.3126	0.2088	0.1275	0.6088505	-0.20472291	-0.5592803
106.5	108.5	78.09514426211896	29.89658233398723	0.0435	0.056	0.0888	0.0754	0.1413	0.2564	0.2858	0.3086	0.3143	0.326	0.1982	0.12	0.60729164	-0.21783742	-0.55309516
107.5	108.5	78.09523650181374	29.89658233398723	0.0435	0.0572	0.0886	0.075	0.1413	0.2564	0.2858	0.3007	0.3143	0.326	0.1982	0.12	0.60074526	-0.20545201	-0.54482406
108.5	108.5	78.09532874150852	29.89658233398723	0.046	0.0566	0.0908	0.077	0.1414	0.2633	0.2936	0.3094	0.3217	0.326	0.2093	0.1268	0.60144925	-0.19298245	-0.54622686
105.5	109.5	78.09505202242418	29.896490094292453	0.0421	0.053	0.0901	0.0758	0.1453	0.27	0.3076	0.3167	0.3316	0.3126	0.2088	0.1275	0.61375797	-0.20532827	-0.5570305
106.5	109.5	78.09514426211896	29.896490094292453	0.0435	0.0548	0.0921	0.0752	0.1413	0.2564	0.2858	0.3064	0.3143	0.326	0.1982	0.12	0.60587	-0.21442726	-0.53776664
105.5	110.5	78.09505202242418	29.896397854597677	0.043	0.0538	0.0866	0.0752	0.1464	0.2552	0.2854	0.3069	0.3149	0.3038	0.2004	0.118	0.60638577	-0.20993495	-0.55984753
13.5	114.5	78.08656597050475	29.89602889581857	0.0503	0.0554	0.083	0.0634	0.1041	0.2437	0.2941	0.295	0.3152	0.3182	0.1787	0.0954	0.64620537	-0.24551402	-0.56084657
13.5	115.5	78.08656597050475	29.895936656123794	0.0481	0.0538	0.0792	0.0648	0.1041	0.2426	0.2942	0.303	0.3114	0.3182	0.1728	0.0927	0.64763457	-0.2736444	-0.5855573
12.5	116.5	78.08647373080997	29.895844416429018	0.0481	0.0512	0.0816	0.0612	0.1041	0.2426	0.2942	0.2921	0.3114	0.3182	0.1728	0.0927	0.65355223	-0.25661433	-0.56328607
13.5	116.5	78.08656597050475	29.895844416429018	0.0481	0.0528	0.0781	0.0626	0.1041	0.2426	0.2942	0.3008	0.3114	0.3182	0.1728	0.0927	0.65547603	-0.27027026	-0.587754
14.5	116.5	78.08665821019953	29.895844416429018	0.0489	0.0562	0.0802	0.0619	0.1017	0.2455	0.3016	0.3124	0.3161	0.3182	0.1738	0.0974	0.6692493	-0.2850679	-0.5914417
11.5	117.5	78.0863814911152	29.89575217673424	0.0456	0.0534	0.0773	0.0614	0.103	0.2429	0.2956	0.2954	0.3128	0.3183	0.1733	0.0941	0.6558296	-0.2605078	-0.58518916
12.5	117.5	78.08647373080997	29.89575217673424	0.0456	0.0531	0.0824	0.0644	0.1031	0.2393	0.2906	0.2889	0.3101	0.3182	0.1729	0.0915	0.6354373	-0.25119096	-0.556154
13.5	117.5	78.08656597050475	29.89575217673424	0.0456	0.0528	0.08	0.0638	0.1031	0.2393	0.2906	0.2932	0.3101	0.3182	0.1729	0.0915	0.642577	-0.25809908	-0.5712755
14.5	117.5	78.08665821019953	29.89575217673424	0.0461	0.052	0.0788	0.0638	0.1001	0.2459	0.2982	0.3033	0.3177	0.3182	0.1735	0.0919	0.6524108	-0.27223152	-0.58754253
15.5	117.5	78.08675044989431	29.89575217673424	0.0461	0.0523	0.0802	0.0622	0.1001	0.2459	0.2982	0.3053	0.3177	0.3182	0.1735	0.0919	0.6614966	-0.2752715	-0.58391696
11.5	118.5	78.0863814911152	29.895659937039465	0.0456	0.0534	0.0797	0.0621	0.103	0.2429	0.2956	0.3032	0.3128	0.3183	0.1733	0.0941	0.66000545	-0.2726128	-0.58370334
12.5	118.5	78.08647373080997	29.895659937039465	0.0456	0.0531	0.0786	0.063	0.1031	0.2393	0.2906	0.2944	0.3101	0.3182	0.1729	0.0915	0.64745384	-0.26000428	-0.5785523
13.5	118.5	78.08656597050475	29.895659937039465	0.0456	0.055	0.0788	0.0634	0.1031	0.2393	0.2906	0.2964	0.3101	0.3182	0.1729	0.0915	0.647582	-0.2631579	-0.57995737
14.5	118.5	78.08665821019953	29.895659937039465	0.0461	0.055	0.0792	0.0653	0.1001	0.2459	0.2982	0.3041	0.3177	0.3182	0.1735	0.0919	0.6464537	-0.27345058	-0.5867467
15.5	118.5	78.08675044989431	29.895659937039465	0.0461	0.0538	0.0783	0.0642	0.1001	0.2459	0.2982	0.3032	0.3177	0.3182	0.1735	0.0919	0.65051717	-0.27207887	-0.5895151
16.5	118.5	78.08684268958908	29.895659937039465	0.0472	0.0523	0.0809	0.0618	0.104	0.2449	0.2987	0.3099	0.3222	0.3182	0.1761	0.0944	0.66747373	-0.2753086	-0.5859775
10.5	119.5	78.08628925142042	29.89556769734469	0.044	0.052	0.0824	0.0644	0.1051	0.2531	0.307	0.3112	0.3273	0.3234	0.1772	0.0951	0.65708196	-0.27436525	-0.5813008
11.5	119.5	78.0863814911152	29.89556769734469	0.044	0.0501	0.0804	0.0633	0.1051	0.2531	0.307	0.3086	0.3273	0.3234	0.1772	0.0951	0.65958595	-0.27048168	-0.58663243
12.5	119.5	78.08647373080997	29.89556769734469	0.0434	0.0501	0.0792	0.063	0.1049	0.2443	0.2893	0.2965	0.3114	0.3247	0.1767	0.0937	0.6495132	-0.25316992	-0.578387
13.5	119.5	78.08656597050475	29.89556769734469	0.0434	0.049	0.0781	0.0636	0.1049	0.2443	0.2893	0.2878	0.3114	0.3247	0.1767	0.0937	0.6380193	-0.23918195	-0.5731074
14.5	119.5	78.08665821019953	29.89556769734469	0.0431	0.0524	0.0796	0.0667	0.102	0.2446	0.3	0.3044	0.3188	0.3247	0.1729	0.0927	0.64052814	-0.27550805	-0.5854167
15.5	119.5	78.08675044989431	29.89556769734469	0.0431	0.0526	0.0778	0.0618	0.102	0.2446	0.3	0.3095	0.3188	0.3247	0.1729	0.0927	0.66711557	-0.28316748	-0.59824425
16.5	119.5	78.08684268958908	29.89556769734469	0.0436	0.0507	0.0788	0.0614	0.1055	0.244	0.2926	0.3087	0.3141	0.3247	0.1769	0.0958	0.66819775	-0.2714168	-0.5932903
17.5	119.5	78.08693492928386	29.89556769734469	0.0436	0.0526	0.0811	0.0614	0.1055	0.244	0.2926	0.2962	0.3141	0.3247	0.1769	0.0958	0.6565996	-0.25216657	-0.57010335
9.5	120.5	78.08619701172564	29.895475457649912	0.044	0.0506	0.0787	0.0642	0.1051	0.2531	0.307	0.316	0.3273	0.3234	0.1772	0.0951	0.662283	-0.2814274	-0.60121614
10.5	120.5	78.08628925142042	29.895475457649912	0.044	0.0506	0.0787	0.0642	0.1051	0.2531	0.307	0.316	0.3273	0.3234	0.1772	0.0951	0.662283	-0.2814274	-0.60121614
11.5	120.5	78.0863814911152	29.895475457649912	0.044	0.0532	0.0814	0.063	0.1051	0.2531	0.307	0.3112	0.3273	0.3234	0.1772	0.0951	0.6632817	-0.27436525	-0.5853286
12.5	120.5	78.08647373080997	29.895475457649912	0.0434	0.0552	0.08	0.0626	0.1049	0.2443	0.2893	0.2976	0.3114	0.3247	0.1767	0.0937	0.65241534	-0.25490198	-0.5762712
13.5	120.5	78.08656597050475	29.895475457649912	0.0434	0.0528	0.0804	0.065	0.1049	0.2443	0.2893	0.2902	0.3114	0.3247	0.1767	0.0937	0.634009	-0.24309275	-0.566109
14.5	120.5	78.08665821019953	29.895475457649912	0.0431	0.0508	0.0792	0.0634	0.102	0.2446	0.3	0.3034	0.3188	0.3247	0.1729	0.0927	0.65430754	-0.273987	-0.5859906
15.5	120.5	78.08675044989431	29.895475457649912	0.0431	0.0509	0.0781	0.0609	0.102	0.2446	0.3	0.3112	0.3188	0.3247	0.1729	0.0927	0.67266864	-0.28568473	-0.598767
16.5	120.5	78.08684268958908	29.895475457649912	0.0436	0.0497	0.0752	0.0604	0.1055	0.244	0.2926	0.3001	0.3141	0.3247	0.1769	0.0958	0.66490984	-0.25828093	-0.59925395
17.5	120.5	78.08693492928386	29.895475457649912	0.0436	0.0498	0.0808	0.0644	0.1055	0.244	0.2926	0.2972	0.3141	0.3247	0.1769	0.0958	0.64380527	-0.25374392	-0.57248676
18.5	120.5	78.08702716897864	29.895475457649912	0.0452	0.0564	0.0836	0.07	0.1104	0.2289	0.2639	0.274	0.2865	0.3142	0.1884	0.1062	0.59302324	-0.18512109	-0.53243846
