Pixel-X	Pixel-Y	Longitude	Latitude	B1	B2	B3	B4	B5	B6	B7	B8	B8A	B9	B11	B12	NDVI	NDBI	NDWI
74.5	14.5	78.09219259188612	29.905252865296216	0.0538	0.0597	0.0733	0.0561	0.0828	0.1486	0.175	0.1901	0.1731	0.1471	0.1181	0.0652	0.54427296	-0.23361452	-0.44343206
75.5	14.5	78.0922848315809	29.905252865296216	0.0511	0.0579	0.0705	0.0552	0.0795	0.137	0.1653	0.178	0.1701	0.1398	0.1177	0.0672	0.52658665	-0.2039229	-0.43259558
73.5	15.5	78.09210035219134	29.90516062560144	0.0508	0.0591	0.069	0.0548	0.0798	0.1528	0.1739	0.1817	0.1822	0.1611	0.1127	0.0597	0.5365751	-0.23437501	-0.4495413
74.5	15.5	78.09219259188612	29.90516062560144	0.0508	0.0581	0.068	0.0525	0.0798	0.1528	0.1739	0.1619	0.1822	0.1611	0.1127	0.0597	0.5102612	-0.1791697	-0.4084384
75.5	15.5	78.0922848315809	29.90516062560144	0.0494	0.0544	0.0642	0.053	0.0748	0.132	0.1521	0.1461	0.165	0.1597	0.1082	0.06	0.46760422	-0.14903657	-0.38944367
76.5	15.5	78.09237707127568	29.90516062560144	0.0494	0.0544	0.0642	0.053	0.0748	0.132	0.1521	0.1461	0.165	0.1597	0.1082	0.06	0.46760422	-0.14903657	-0.38944367
72.5	16.5	78.09200811249657	29.905068385906663	0.0508	0.0597	0.0684	0.057	0.0795	0.1481	0.1742	0.1984	0.186	0.1611	0.1147	0.064	0.5536414	-0.26732677	-0.48725638
73.5	16.5	78.09210035219134	29.905068385906663	0.0508	0.0591	0.0694	0.0529	0.0798	0.1528	0.1739	0.2112	0.1822	0.1611	0.1127	0.0597	0.59939414	-0.3041062	-0.5053457
74.5	16.5	78.09219259188612	29.905068385906663	0.0508	0.0583	0.0664	0.0542	0.0798	0.1528	0.1739	0.1983	0.1822	0.1611	0.1127	0.0597	0.5706931	-0.27524117	-0.4983
75.5	16.5	78.0922848315809	29.905068385906663	0.0494	0.0554	0.0634	0.0538	0.0748	0.132	0.1521	0.1672	0.165	0.1597	0.1082	0.06	0.51312214	-0.21423385	-0.4501301
76.5	16.5	78.09237707127568	29.905068385906663	0.0494	0.0554	0.0634	0.0538	0.0748	0.132	0.1521	0.1672	0.165	0.1597	0.1082	0.06	0.51312214	-0.21423385	-0.4501301
77.5	16.5	78.09246931097044	29.905068385906663	0.0494	0.0579	0.067	0.0557	0.0748	0.132	0.1521	0.1556	0.165	0.1597	0.1082	0.06	0.4727875	-0.17968157	-0.39802334
70.5	17.5	78.09182363310701	29.904976146211887	0.0508	0.0574	0.0647	0.0549	0.0735	0.1316	0.1507	0.1557	0.1585	0.1611	0.1029	0.0575	0.47863245	-0.20417634	-0.41288567
71.5	17.5	78.09191587280179	29.904976146211887	0.0508	0.0586	0.0684	0.0561	0.0768	0.1463	0.1694	0.1762	0.1798	0.1611	0.1141	0.0602	0.5170039	-0.21391664	-0.44071952
72.5	17.5	78.09200811249657	29.904976146211887	0.0508	0.0559	0.0685	0.0562	0.0768	0.1463	0.1694	0.1885	0.1798	0.1611	0.1141	0.0602	0.54066205	-0.24586913	-0.4669261
73.5	17.5	78.09210035219134	29.904976146211887	0.0508	0.0551	0.0662	0.0526	0.0765	0.1489	0.1676	0.1669	0.1873	0.1611	0.1118	0.061	0.52072895	-0.1977036	-0.4320034
74.5	17.5	78.09219259188612	29.904976146211887	0.0508	0.0532	0.0641	0.0537	0.0765	0.1489	0.1676	0.1782	0.1873	0.1611	0.1118	0.061	0.53686935	-0.22896554	-0.47090387
75.5	17.5	78.0922848315809	29.904976146211887	0.0494	0.0544	0.0638	0.0524	0.0756	0.1428	0.1645	0.1805	0.1749	0.1597	0.1079	0.0585	0.55002147	-0.2517337	-0.47769135
76.5	17.5	78.09237707127568	29.904976146211887	0.0494	0.0544	0.0638	0.0524	0.0756	0.1428	0.1645	0.1805	0.1749	0.1597	0.1079	0.0585	0.55002147	-0.2517337	-0.47769135
77.5	17.5	78.09246931097044	29.904976146211887	0.0494	0.0593	0.0658	0.0525	0.0756	0.1428	0.1645	0.1685	0.1749	0.1597	0.1079	0.0585	0.5248869	-0.21924748	-0.43832693
78.5	17.5	78.09256155066522	29.904976146211887	0.0494	0.0563	0.0638	0.0548	0.0759	0.1384	0.1599	0.149	0.17	0.1597	0.1091	0.0575	0.46221787	-0.15459126	-0.40037596
73.5	18.5	78.09210035219134	29.90488390651711	0.0508	0.0571	0.0667	0.0526	0.0765	0.1489	0.1676	0.1735	0.1873	0.1611	0.1118	0.061	0.53471917	-0.21626359	-0.4446295
74.5	18.5	78.09219259188612	29.90488390651711	0.0508	0.0554	0.0654	0.0511	0.0765	0.1489	0.1676	0.171	0.1873	0.1611	0.1118	0.061	0.5398469	-0.20933522	-0.44670054
75.5	18.5	78.0922848315809	29.90488390651711	0.0494	0.0554	0.0645	0.0498	0.0756	0.1428	0.1645	0.1772	0.1749	0.1597	0.1079	0.0585	0.56123346	-0.24307261	-0.46628055
76.5	18.5	78.09237707127568	29.90488390651711	0.0494	0.0542	0.0674	0.0526	0.0756	0.1428	0.1645	0.1742	0.1749	0.1597	0.1079	0.0585	0.5361552	-0.23502304	-0.44205296
77.5	18.5	78.09246931097044	29.90488390651711	0.0494	0.0542	0.0674	0.0526	0.0756	0.1428	0.1645	0.1742	0.1749	0.1597	0.1079	0.0585	0.5361552	-0.23502304	-0.44205296
78.5	18.5	78.09256155066522	29.90488390651711	0.0494	0.0521	0.0652	0.0535	0.0759	0.1384	0.1599	0.1705	0.17	0.1597	0.1091	0.0575	0.5223214	-0.21959943	-0.44675434
79.5	18.5	78.09265379036	29.90488390651711	0.0494	0.0527	0.0657	0.0539	0.0759	0.1384	0.1599	0.1727	0.17	0.1597	0.1091	0.0575	0.52427185	-0.22569199	-0.4488255
100.5	18.5	78.09459082395031	29.90488390651711	0.0567	0.0573	0.0686	0.0597	0.0884	0.15	0.1654	0.1688	0.179	0.1432	0.1198	0.0682	0.4774617	-0.16978516	-0.42207244
101.5	18.5	78.09468306364508	29.90488390651711	0.0567	0.0585	0.0778	0.0624	0.0884	0.15	0.1654	0.181	0.179	0.1432	0.1198	0.0682	0.48726377	-0.20345743	-0.3987635
102.5	18.5	78.09477530333986	29.90488390651711	0.0536	0.0616	0.077	0.062	0.0917	0.1597	0.1839	0.1872	0.1926	0.1715	0.1257	0.072	0.5024077	-0.19654842	-0.41710824
103.5	18.5	78.09486754303464	29.90488390651711	0.0536	0.0629	0.0721	0.0625	0.0917	0.1597	0.1839	0.1919	0.1926	0.1715	0.1257	0.072	0.5086478	-0.20843829	-0.4537879
104.5	18.5	78.09495978272942	29.90488390651711	0.0536	0.0629	0.0721	0.0625	0.0917	0.1597	0.1839	0.1919	0.1926	0.1715	0.1257	0.072	0.5086478	-0.20843829	-0.4537879
105.5	18.5	78.09505202242418	29.90488390651711	0.0536	0.0601	0.0728	0.0622	0.0917	0.1615	0.1807	0.1938	0.2005	0.1715	0.1251	0.0714	0.5140625	-0.21542804	-0.45386344
106.5	18.5	78.09514426211896	29.90488390651711	0.0536	0.0585	0.0762	0.0625	0.0917	0.1615	0.1807	0.21	0.2005	0.1715	0.1251	0.0714	0.5412844	-0.25335717	-0.46750522
107.5	18.5	78.09523650181374	29.90488390651711	0.0536	0.0592	0.0765	0.0631	0.0921	0.1533	0.1745	0.2054	0.1964	0.1715	0.1233	0.0746	0.5299814	-0.24977183	-0.45725435
108.5	18.5	78.09532874150852	29.90488390651711	0.0536	0.0602	0.0765	0.0627	0.0921	0.1533	0.1745	0.176	0.1964	0.1715	0.1233	0.0746	0.47465435	-0.17607751	-0.39405942
109.5	18.5	78.09542098120329	29.90488390651711	0.0551	0.0625	0.0762	0.067	0.0901	0.1542	0.1841	0.1804	0.1774	0.1864	0.1252	0.0786	0.45836702	-0.18062826	-0.4060795
110.5	18.5	78.09551322089807	29.90488390651711	0.0551	0.0602	0.0752	0.0619	0.0901	0.1542	0.1841	0.2218	0.1774	0.1864	0.1252	0.0786	0.56362355	-0.27838615	-0.4936027
111.5	18.5	78.09560546059285	29.90488390651711	0.0551	0.0618	0.0789	0.0705	0.1002	0.1533	0.1769	0.213	0.1869	0.1864	0.1273	0.0837	0.5026455	-0.25183663	-0.4594039
78.5	19.5	78.09256155066522	29.904791666822334	0.0494	0.0531	0.0654	0.0526	0.0783	0.1638	0.1909	0.2281	0.2151	0.1597	0.1164	0.0642	0.6252227	-0.324238	-0.5543441
79.5	19.5	78.09265379036	29.904791666822334	0.0494	0.0554	0.067	0.0552	0.0783	0.1638	0.1909	0.1922	0.2151	0.1597	0.1164	0.0642	0.5537591	-0.2456254	-0.4830247
80.5	19.5	78.09274603005478	29.904791666822334	0.0494	0.0569	0.0677	0.0578	0.073	0.1302	0.1463	0.1583	0.1606	0.1597	0.11	0.0685	0.46506247	-0.18002236	-0.40088496
100.5	19.5	78.09459082395031	29.904791666822334	0.0567	0.0633	0.0735	0.0643	0.0884	0.15	0.1654	0.1819	0.179	0.1432	0.1198	0.0682	0.47766042	-0.20583358	-0.42443225
101.5	19.5	78.09468306364508	29.904791666822334	0.0567	0.0602	0.0753	0.065	0.0884	0.15	0.1654	0.1872	0.179	0.1432	0.1198	0.0682	0.48453608	-0.21954395	-0.4262857
102.5	19.5	78.09477530333986	29.904791666822334	0.0536	0.0614	0.0752	0.0638	0.0917	0.1597	0.1839	0.1958	0.1926	0.1715	0.1257	0.072	0.5084746	-0.21804047	-0.44501847
103.5	19.5	78.09486754303464	29.904791666822334	0.0536	0.0619	0.0727	0.0648	0.0917	0.1597	0.1839	0.1975	0.1926	0.1715	0.1257	0.072	0.50590926	-0.22215348	-0.4618801
104.5	19.5	78.09495978272942	29.904791666822334	0.0536	0.0619	0.0727	0.0648	0.0917	0.1597	0.1839	0.1975	0.1926	0.1715	0.1257	0.072	0.50590926	-0.22215348	-0.4618801
105.5	19.5	78.09505202242418	29.904791666822334	0.0536	0.0589	0.0752	0.065	0.0917	0.1615	0.1807	0.1918	0.2005	0.1715	0.1251	0.0714	0.49376947	-0.21047647	-0.43670413
106.5	19.5	78.09514426211896	29.904791666822334	0.0536	0.06	0.0762	0.0651	0.0917	0.1615	0.1807	0.1982	0.2005	0.1715	0.1251	0.0714	0.50550705	-0.22610578	-0.44460642
107.5	19.5	78.09523650181374	29.904791666822334	0.0536	0.0614	0.0775	0.0641	0.0921	0.1533	0.1745	0.2086	0.1964	0.1715	0.1233	0.0746	0.52988636	-0.25700513	-0.4582314
108.5	19.5	78.09532874150852	29.904791666822334	0.0536	0.06	0.0773	0.0669	0.0921	0.1533	0.1745	0.1738	0.1964	0.1715	0.1233	0.0746	0.44412133	-0.16997646	-0.38430908
109.5	19.5	78.09542098120329	29.904791666822334	0.0551	0.0625	0.0765	0.0698	0.0901	0.1542	0.1841	0.1634	0.1774	0.1864	0.1252	0.0786	0.40137222	-0.1323631	-0.36223426
110.5	19.5	78.09551322089807	29.904791666822334	0.0551	0.065	0.0785	0.0659	0.0901	0.1542	0.1841	0.1707	0.1774	0.1864	0.1252	0.0786	0.4429417	-0.15376815	-0.36998394
111.5	19.5	78.09560546059285	29.904791666822334	0.0551	0.0628	0.0802	0.0705	0.1002	0.1533	0.1769	0.169	0.1869	0.1864	0.1273	0.0837	0.41127348	-0.14073576	-0.3563403
82.5	20.5	78.09293050944433	29.904699427127557	0.0516	0.0533	0.0626	0.0533	0.0733	0.1208	0.1357	0.1465	0.1408	0.146	0.1069	0.0676	0.4664665	-0.15627469	-0.40124342
100.5	20.5	78.09459082395031	29.904699427127557	0.0567	0.0619	0.0718	0.0624	0.0917	0.1513	0.167	0.181	0.1861	0.1432	0.1329	0.0836	0.48726377	-0.1532335	-0.431962
101.5	20.5	78.09468306364508	29.904699427127557	0.0567	0.0589	0.0749	0.0659	0.0917	0.1513	0.167	0.1816	0.1861	0.1432	0.1329	0.0836	0.46747476	-0.15484898	-0.41598442
102.5	20.5	78.09477530333986	29.904699427127557	0.0536	0.0573	0.0753	0.0634	0.0968	0.1669	0.1978	0.2158	0.2021	0.1715	0.1339	0.0766	0.54584527	-0.23420075	-0.482652
103.5	20.5	78.09486754303464	29.904699427127557	0.0536	0.0604	0.0766	0.0648	0.0968	0.1669	0.1978	0.2126	0.2021	0.1715	0.1339	0.0766	0.5328046	-0.2271284	-0.47026277
104.5	20.5	78.09495978272942	29.904699427127557	0.0536	0.06	0.0769	0.0688	0.0925	0.1544	0.1804	0.1918	0.1954	0.1715	0.1277	0.0734	0.4719877	-0.20062597	-0.42761445
105.5	20.5	78.09505202242418	29.904699427127557	0.0536	0.06	0.0769	0.0688	0.0925	0.1544	0.1804	0.1918	0.1954	0.1715	0.1277	0.0734	0.4719877	-0.20062597	-0.42761445
106.5	20.5	78.09514426211896	29.904699427127557	0.0536	0.0667	0.0702	0.0661	0.0925	0.1544	0.1804	0.176	0.1954	0.1715	0.1277	0.0734	0.45394465	-0.15903851	-0.4297319
107.5	20.5	78.09523650181374	29.904699427127557	0.0536	0.0616	0.076	0.0688	0.0964	0.1485	0.1629	0.1791	0.1783	0.1715	0.1301	0.0821	0.44493747	-0.1584735	-0.40415525
108.5	20.5	78.09532874150852	29.904699427127557	0.0536	0.0627	0.0795	0.0731	0.0964	0.1485	0.1629	0.1757	0.1783	0.1715	0.1301	0.0821	0.4123794	-0.14911707	-0.37695923
109.5	20.5	78.09542098120329	29.904699427127557	0.0551	0.0593	0.0794	0.0724	0.0985	0.1437	0.1577	0.1715	0.1674	0.1864	0.1315	0.0841	0.40631405	-0.13201317	-0.36707848
110.5	20.5	78.09551322089807	29.904699427127557	0.0551	0.0658	0.0766	0.0685	0.0985	0.1437	0.1577	0.1627	0.1674	0.1864	0.1315	0.0841	0.40743947	-0.106050275	-0.3597994
111.5	20.5	78.09560546059285	29.904699427127557	0.0551	0.0633	0.0759	0.0672	0.0923	0.1339	0.1448	0.1542	0.1593	0.1864	0.1286	0.0843	0.39295396	-0.09052334	-0.34028682
100.5	21.5	78.09459082395031	29.90460718743278	0.0567	0.0646	0.0739	0.065	0.0917	0.1513	0.167	0.1826	0.1861	0.1432	0.1329	0.0836	0.47495964	-0.15752776	-0.4237817
101.5	21.5	78.09468306364508	29.90460718743278	0.0567	0.0627	0.0814	0.0678	0.0917	0.1513	0.167	0.1838	0.1861	0.1432	0.1329	0.0836	0.4610493	-0.16071992	-0.3861237
102.5	21.5	78.09477530333986	29.90460718743278	0.0536	0.0585	0.079	0.0661	0.0968	0.1669	0.1978	0.2042	0.2021	0.1715	0.1339	0.0766	0.5109138	-0.20792665	-0.44209036
103.5	21.5	78.09486754303464	29.90460718743278	0.0536	0.0598	0.0773	0.063	0.0968	0.1669	0.1978	0.2128	0.2021	0.1715	0.1339	0.0766	0.5431472	-0.22757426	-0.46708032
104.5	21.5	78.09495978272942	29.90460718743278	0.0536	0.0627	0.0773	0.0672	0.0925	0.1544	0.1804	0.2014	0.1954	0.1715	0.1277	0.0734	0.4996277	-0.22394408	-0.44528168
105.5	21.5	78.09505202242418	29.90460718743278	0.0536	0.0627	0.0773	0.0672	0.0925	0.1544	0.1804	0.2014	0.1954	0.1715	0.1277	0.0734	0.4996277	-0.22394408	-0.44528168
106.5	21.5	78.09514426211896	29.90460718743278	0.0536	0.0664	0.0775	0.0714	0.0925	0.1544	0.1804	0.1807	0.1954	0.1715	0.1277	0.0734	0.4335581	-0.17185473	-0.39969018
107.5	21.5	78.09523650181374	29.90460718743278	0.0536	0.0614	0.079	0.07	0.0964	0.1485	0.1629	0.1671	0.1783	0.1715	0.1301	0.0821	0.40953183	-0.12449529	-0.35798454
108.5	21.5	78.09532874150852	29.90460718743278	0.0536	0.0661	0.0807	0.0711	0.0964	0.1485	0.1629	0.1802	0.1783	0.1715	0.1301	0.0821	0.43414247	-0.16145666	-0.38137215
109.5	21.5	78.09542098120329	29.90460718743278	0.0551	0.0631	0.0833	0.0744	0.0985	0.1437	0.1577	0.178	0.1674	0.1864	0.1315	0.0841	0.4104596	-0.15024231	-0.36241868
110.5	21.5	78.09551322089807	29.90460718743278	0.0551	0.0628	0.0774	0.0719	0.0985	0.1437	0.1577	0.168	0.1674	0.1864	0.1315	0.0841	0.40058357	-0.12186976	-0.36919317
111.5	21.5	78.09560546059285	29.90460718743278	0.0551	0.0628	0.075	0.0688	0.0923	0.1339	0.1448	0.1571	0.1593	0.1864	0.1286	0.0843	0.3908809	-0.099755004	-0.35372683
100.5	22.5	78.09459082395031	29.904514947738004	0.0527	0.0629	0.0738	0.0661	0.0927	0.1406	0.1534	0.161	0.1694	0.1599	0.1363	0.0928	0.41787758	-0.08308107	-0.3713799
101.5	22.5	78.09468306364508	29.904514947738004	0.0527	0.0614	0.078	0.0726	0.0927	0.1406	0.1534	0.1664	0.1694	0.1599	0.1363	0.0928	0.39246863	-0.0994384	-0.3617021
102.5	22.5	78.09477530333986	29.904514947738004	0.0538	0.061	0.0797	0.072	0.0922	0.1525	0.1691	0.1816	0.1866	0.1596	0.1347	0.0789	0.43217668	-0.14827697	-0.38997322
103.5	22.5	78.09486754303464	29.904514947738004	0.0538	0.0602	0.0756	0.0646	0.0922	0.1525	0.1691	0.2025	0.1866	0.1596	0.1347	0.0789	0.5162861	-0.20106761	-0.4563107
104.5	22.5	78.09495978272942	29.904514947738004	0.0538	0.0602	0.073	0.0602	0.0906	0.1639	0.187	0.2066	0.209	0.1596	0.1266	0.0721	0.54872566	-0.24009603	-0.47782546
105.5	22.5	78.09505202242418	29.904514947738004	0.0538	0.0602	0.073	0.0602	0.0906	0.1639	0.187	0.2066	0.209	0.1596	0.1266	0.0721	0.54872566	-0.24009603	-0.47782546
106.5	22.5	78.09514426211896	29.904514947738004	0.0538	0.0621	0.0762	0.0599	0.0906	0.1639	0.187	0.1991	0.209	0.1596	0.1266	0.0721	0.53745174	-0.2225975	-0.4464221
107.5	22.5	78.09523650181374	29.904514947738004	0.0538	0.0618	0.0772	0.0666	0.0911	0.1518	0.1754	0.1798	0.1882	0.1596	0.129	0.0776	0.45941558	-0.1645078	-0.39922178
108.5	22.5	78.09532874150852	29.904514947738004	0.0538	0.0623	0.0766	0.0677	0.0911	0.1518	0.1754	0.1672	0.1882	0.1596	0.129	0.0776	0.42358452	-0.12896694	-0.37161607
109.5	22.5	78.09542098120329	29.904514947738004	0.0579	0.0637	0.0779	0.0692	0.0958	0.1389	0.1557	0.1594	0.1639	0.1604	0.1358	0.0855	0.3945757	-0.07994579	-0.34344712
110.5	22.5	78.09551322089807	29.904514947738004	0.0579	0.0646	0.0777	0.0695	0.0958	0.1389	0.1557	0.1667	0.1639	0.1604	0.1358	0.0855	0.41151568	-0.102148764	-0.36415714
111.5	22.5	78.09560546059285	29.904514947738004	0.0579	0.0653	0.0772	0.0719	0.0963	0.1347	0.1472	0.1588	0.1623	0.1604	0.1367	0.0911	0.37667966	-0.074788496	-0.3457627
100.5	23.5	78.09459082395031	29.904422708043228	0.0527	0.0627	0.0778	0.0694	0.0927	0.1406	0.1534	0.1594	0.1694	0.1599	0.1363	0.0928	0.39335665	-0.078119725	-0.3440135
101.5	23.5	78.09468306364508	29.904422708043228	0.0527	0.0614	0.0762	0.0688	0.0927	0.1406	0.1534	0.1614	0.1694	0.1599	0.1363	0.0928	0.4022589	-0.084313095	-0.35858586
102.5	23.5	78.09477530333986	29.904422708043228	0.0538	0.061	0.0752	0.0717	0.0922	0.1525	0.1691	0.1669	0.1866	0.1596	0.1347	0.0789	0.39899412	-0.10676391	-0.3787691
103.5	23.5	78.09486754303464	29.904422708043228	0.0538	0.0627	0.0753	0.062	0.0922	0.1525	0.1691	0.1837	0.1866	0.1596	0.1347	0.0789	0.4953195	-0.15389445	-0.41853282
104.5	23.5	78.09495978272942	29.904422708043228	0.0538	0.0579	0.0742	0.0597	0.0906	0.1639	0.187	0.2042	0.209	0.1596	0.1266	0.0721	0.54755586	-0.23458284	-0.46695405
105.5	23.5	78.09505202242418	29.904422708043228	0.0538	0.0579	0.0742	0.0597	0.0906	0.1639	0.187	0.2042	0.209	0.1596	0.1266	0.0721	0.54755586	-0.23458284	-0.46695405
106.5	23.5	78.09514426211896	29.904422708043228	0.0538	0.0587	0.075	0.0611	0.0906	0.1639	0.187	0.2242	0.209	0.1596	0.1266	0.0721	0.57167894	-0.27822122	-0.49866307
107.5	23.5	78.09523650181374	29.904422708043228	0.0538	0.0628	0.0738	0.0631	0.0911	0.1518	0.1754	0.2074	0.1882	0.1596	0.129	0.0776	0.53345656	-0.2330559	-0.4751067
108.5	23.5	78.09532874150852	29.904422708043228	0.0538	0.063	0.0738	0.0678	0.0911	0.1518	0.1754	0.1769	0.1882	0.1596	0.129	0.0776	0.44585207	-0.15658714	-0.4112485
109.5	23.5	78.09542098120329	29.904422708043228	0.0579	0.0609	0.0744	0.0672	0.0958	0.1389	0.1557	0.1584	0.1639	0.1604	0.1358	0.0855	0.40425533	-0.07681847	-0.36082473
110.5	23.5	78.09551322089807	29.904422708043228	0.0579	0.0619	0.0763	0.0706	0.0958	0.1389	0.1557	0.1648	0.1639	0.1604	0.1358	0.0855	0.4001699	-0.096473716	-0.3670676
111.5	23.5	78.09560546059285	29.904422708043228	0.0579	0.0638	0.0797	0.0758	0.0963	0.1347	0.1472	0.1622	0.1623	0.1604	0.1367	0.0911	0.36302522	-0.085312806	-0.34105003
100.5	24.5	78.09459082395031	29.90433046834845	0.0527	0.0614	0.0768	0.0692	0.0939	0.1435	0.1554	0.1684	0.1698	0.1599	0.1411	0.0958	0.41750842	-0.08820678	-0.3735726
101.5	24.5	78.09468306364508	29.90433046834845	0.0527	0.0614	0.076	0.0686	0.0939	0.1435	0.1554	0.1659	0.1698	0.1599	0.1411	0.0958	0.4149254	-0.080781765	-0.37164122
102.5	24.5	78.09477530333986	29.90433046834845	0.0538	0.0583	0.072	0.0697	0.0919	0.1432	0.1589	0.1616	0.1709	0.1596	0.1359	0.0889	0.39731947	-0.08638652	-0.38356164
103.5	24.5	78.09486754303464	29.90433046834845	0.0538	0.0583	0.076	0.0688	0.0919	0.1432	0.1589	0.1682	0.1709	0.1596	0.1359	0.0889	0.41940928	-0.106215045	-0.3775594
104.5	24.5	78.09495978272942	29.90433046834845	0.0538	0.0593	0.0766	0.0692	0.09	0.1586	0.1809	0.1902	0.202	0.1596	0.1271	0.0792	0.46646106	-0.19886541	-0.42578712
105.5	24.5	78.09505202242418	29.90433046834845	0.0538	0.0562	0.0735	0.0622	0.09	0.1586	0.1809	0.2236	0.202	0.1596	0.1271	0.0792	0.5647306	-0.27516395	-0.5052171
106.5	24.5	78.09514426211896	29.90433046834845	0.0538	0.0562	0.0735	0.0622	0.09	0.1586	0.1809	0.2236	0.202	0.1596	0.1271	0.0792	0.5647306	-0.27516395	-0.5052171
107.5	24.5	78.09523650181374	29.90433046834845	0.0538	0.0597	0.0727	0.0601	0.0883	0.1758	0.1976	0.217	0.2122	0.1596	0.1236	0.0703	0.5662216	-0.27422196	-0.49810147
108.5	24.5	78.09532874150852	29.90433046834845	0.0538	0.0615	0.075	0.0625	0.0883	0.1758	0.1976	0.2042	0.2122	0.1596	0.1236	0.0703	0.5313086	-0.24588163	-0.4627507
109.5	24.5	78.09542098120329	29.90433046834845	0.0579	0.0642	0.0764	0.0667	0.092	0.1591	0.1771	0.19	0.1962	0.1604	0.1355	0.0832	0.48032725	-0.1674347	-0.42642644
110.5	24.5	78.09551322089807	29.90433046834845	0.0579	0.0624	0.0766	0.0713	0.092	0.1591	0.1771	0.1644	0.1962	0.1604	0.1355	0.0832	0.39499363	-0.09636545	-0.36431533
111.5	24.5	78.09560546059285	29.90433046834845	0.0579	0.0614	0.0804	0.0726	0.0992	0.1417	0.149	0.161	0.1741	0.1604	0.1487	0.0985	0.37842464	-0.039715853	-0.33388567
100.5	25.5	78.09459082395031	29.904238228653675	0.0527	0.0628	0.0802	0.0736	0.0954	0.1483	0.1677	0.1815	0.1821	0.1599	0.1514	0.1008	0.42297137	-0.09041755	-0.38708445
101.5	25.5	78.09468306364508	29.904238228653675	0.0527	0.0608	0.0752	0.0711	0.0939	0.1435	0.1554	0.1729	0.1698	0.1599	0.1411	0.0958	0.41721314	-0.10127389	-0.39379284
102.5	25.5	78.09477530333986	29.904238228653675	0.0538	0.0604	0.0761	0.0703	0.0919	0.1432	0.1589	0.1614	0.1709	0.1596	0.1359	0.0889	0.39318088	-0.08577194	-0.35915792
103.5	25.5	78.09486754303464	29.904238228653675	0.0538	0.0641	0.0753	0.0705	0.0919	0.1432	0.1589	0.165	0.1709	0.1596	0.1359	0.0889	0.4012739	-0.09670987	-0.37328342
104.5	25.5	78.09495978272942	29.904238228653675	0.0538	0.0647	0.0785	0.071	0.09	0.1586	0.1809	0.1757	0.202	0.1596	0.1271	0.0792	0.4244021	-0.16050194	-0.38237604
105.5	25.5	78.09505202242418	29.904238228653675	0.0538	0.0569	0.0758	0.0639	0.09	0.1586	0.1809	0.1963	0.202	0.1596	0.1271	0.0792	0.50883937	-0.21397647	-0.44285187
106.5	25.5	78.09514426211896	29.904238228653675	0.0538	0.0569	0.0758	0.0639	0.09	0.1586	0.1809	0.1963	0.202	0.1596	0.1271	0.0792	0.50883937	-0.21397647	-0.44285187
107.5	25.5	78.09523650181374	29.904238228653675	0.0538	0.0582	0.0746	0.0606	0.0883	0.1758	0.1976	0.2172	0.2122	0.1596	0.1236	0.0703	0.56371486	-0.2746479	-0.48869085
108.5	25.5	78.09532874150852	29.904238228653675	0.0538	0.0514	0.0744	0.0608	0.0883	0.1758	0.1976	0.2264	0.2122	0.1596	0.1236	0.0703	0.5766017	-0.29371428	-0.5053192
109.5	25.5	78.09542098120329	29.904238228653675	0.0579	0.061	0.0746	0.0628	0.092	0.1591	0.1771	0.2248	0.1962	0.1604	0.1355	0.0832	0.5632824	-0.24784903	-0.50167
110.5	25.5	78.09551322089807	29.904238228653675	0.0579	0.0628	0.0768	0.0683	0.092	0.1591	0.1771	0.1886	0.1962	0.1604	0.1355	0.0832	0.4682756	-0.16383834	-0.42125094
111.5	25.5	78.09560546059285	29.904238228653675	0.0579	0.0659	0.0793	0.0739	0.0992	0.1417	0.149	0.166	0.1741	0.1604	0.1487	0.0985	0.38390994	-0.054972976	-0.35344473
26.5	36.5	78.08776508653685	29.903223592011134	0.0582	0.0662	0.0881	0.0733	0.1144	0.2144	0.2317	0.2494	0.2439	0.2427	0.1689	0.1153	0.5457081	-0.19244562	-0.47792593
25.5	37.5	78.08767284684207	29.903131352316358	0.0598	0.0664	0.0904	0.0721	0.1133	0.2184	0.2362	0.2524	0.2493	0.2442	0.1653	0.1066	0.55562407	-0.20852289	-0.47257876
26.5	37.5	78.08776508653685	29.903131352316358	0.0598	0.0664	0.0904	0.0721	0.1133	0.2184	0.2362	0.2524	0.2493	0.2442	0.1653	0.1066	0.55562407	-0.20852289	-0.47257876
27.5	37.5	78.08785732623163	29.903131352316358	0.0598	0.0652	0.091	0.0716	0.1133	0.2184	0.2362	0.253	0.2493	0.2442	0.1653	0.1066	0.55884165	-0.20965813	-0.47093022
28.5	37.5	78.0879495659264	29.903131352316358	0.0629	0.0627	0.0913	0.0708	0.1125	0.2182	0.2412	0.251	0.2494	0.2406	0.161	0.1051	0.55997515	-0.21844658	-0.46654978
25.5	38.5	78.08767284684207	29.90303911262158	0.0598	0.0685	0.0918	0.0741	0.1133	0.2184	0.2362	0.248	0.2493	0.2442	0.1653	0.1066	0.5398944	-0.20009679	-0.45968217
26.5	38.5	78.08776508653685	29.90303911262158	0.0598	0.0685	0.0918	0.0741	0.1133	0.2184	0.2362	0.248	0.2493	0.2442	0.1653	0.1066	0.5398944	-0.20009679	-0.45968217
27.5	38.5	78.08785732623163	29.90303911262158	0.0598	0.0676	0.0899	0.0706	0.1133	0.2184	0.2362	0.2497	0.2493	0.2442	0.1653	0.1066	0.5591633	-0.20337349	-0.47055358
28.5	38.5	78.0879495659264	29.90303911262158	0.0629	0.0674	0.0889	0.0697	0.1125	0.2182	0.2412	0.2494	0.2494	0.2406	0.161	0.1051	0.56314635	-0.21539962	-0.47443098
29.5	38.5	78.08804180562117	29.90303911262158	0.0629	0.0669	0.092	0.0724	0.1125	0.2182	0.2412	0.2425	0.2494	0.2406	0.161	0.1051	0.5401715	-0.20198268	-0.44992527
25.5	39.5	78.08767284684207	29.902946872926805	0.0598	0.0659	0.091	0.0747	0.1176	0.2105	0.2312	0.2478	0.2366	0.2442	0.1642	0.1063	0.5367442	-0.20291263	-0.46280992
26.5	39.5	78.08776508653685	29.902946872926805	0.0598	0.0677	0.0938	0.0734	0.1176	0.2105	0.2312	0.2442	0.2366	0.2442	0.1642	0.1063	0.5377834	-0.19588642	-0.44497043
27.5	39.5	78.08785732623163	29.902946872926805	0.0598	0.0677	0.0938	0.0734	0.1176	0.2105	0.2312	0.2442	0.2366	0.2442	0.1642	0.1063	0.5377834	-0.19588642	-0.44497043
28.5	39.5	78.0879495659264	29.902946872926805	0.0629	0.0697	0.0923	0.0744	0.1183	0.2156	0.2363	0.2442	0.242	0.2406	0.1655	0.1104	0.5329567	-0.1920918	-0.4514116
29.5	39.5	78.08804180562117	29.902946872926805	0.0629	0.0681	0.0963	0.0759	0.1183	0.2156	0.2363	0.2447	0.242	0.2406	0.1655	0.1104	0.5265128	-0.19307655	-0.43519062
30.5	39.5	78.08813404531595	29.902946872926805	0.0629	0.0713	0.1006	0.0827	0.1295	0.2204	0.2379	0.2454	0.2471	0.2406	0.1872	0.1272	0.4958854	-0.13453537	-0.41849712
31.5	39.5	78.08822628501073	29.902946872926805	0.0629	0.0738	0.1052	0.0909	0.1206	0.2156	0.2393	0.2498	0.2466	0.2406	0.1795	0.1255	0.46639273	-0.16375494	-0.40732393
25.5	40.5	78.08767284684207	29.902854633232028	0.0598	0.0672	0.0923	0.0731	0.1176	0.2105	0.2312	0.2416	0.2366	0.2442	0.1642	0.1063	0.53543055	-0.19073439	-0.4471399
26.5	40.5	78.08776508653685	29.902854633232028	0.0598	0.0719	0.0916	0.0728	0.1176	0.2105	0.2312	0.2418	0.2366	0.2442	0.1642	0.1063	0.5371901	-0.19113302	-0.45050988
27.5	40.5	78.08785732623163	29.902854633232028	0.0598	0.0719	0.0916	0.0728	0.1176	0.2105	0.2312	0.2418	0.2366	0.2442	0.1642	0.1063	0.5371901	-0.19113302	-0.45050988
28.5	40.5	78.0879495659264	29.902854633232028	0.0629	0.0742	0.0945	0.0789	0.1183	0.2156	0.2363	0.2454	0.242	0.2406	0.1655	0.1104	0.5134135	-0.1944512	-0.4439541
29.5	40.5	78.08804180562117	29.902854633232028	0.0629	0.0692	0.0947	0.0777	0.1183	0.2156	0.2363	0.242	0.242	0.2406	0.1655	0.1104	0.5139193	-0.18773006	-0.43748143
30.5	40.5	78.08813404531595	29.902854633232028	0.0629	0.0744	0.0986	0.0826	0.1295	0.2204	0.2379	0.2438	0.2471	0.2406	0.1872	0.1272	0.49387255	-0.13132252	-0.4240654
31.5	40.5	78.08822628501073	29.902854633232028	0.0629	0.0769	0.1048	0.096	0.1295	0.2204	0.2379	0.2468	0.2471	0.2406	0.1872	0.1272	0.43990666	-0.13732721	-0.40386805
32.5	40.5	78.0883185247055	29.902854633232028	0.0629	0.0777	0.1038	0.0914	0.1259	0.2246	0.2426	0.2542	0.2543	0.2406	0.1809	0.1274	0.47106484	-0.16846706	-0.42011175
33.5	40.5	78.08841076440028	29.902854633232028	0.0629	0.0698	0.0965	0.0783	0.1259	0.2246	0.2426	0.2562	0.2543	0.2406	0.1809	0.1274	0.53183854	-0.17227179	-0.4527927
25.5	41.5	78.08767284684207	29.90276239353725	0.0598	0.0695	0.093	0.0796	0.1201	0.2131	0.2316	0.2338	0.2383	0.2442	0.169	0.1104	0.49202296	-0.16087388	-0.43084455
26.5	41.5	78.08776508653685	29.90276239353725	0.0598	0.0692	0.0962	0.0762	0.1201	0.2131	0.2316	0.2394	0.2383	0.2442	0.169	0.1104	0.5171103	-0.17238002	-0.42669848
27.5	41.5	78.08785732623163	29.90276239353725	0.0598	0.0692	0.0962	0.0762	0.1201	0.2131	0.2316	0.2394	0.2383	0.2442	0.169	0.1104	0.5171103	-0.17238002	-0.42669848
28.5	41.5	78.0879495659264	29.90276239353725	0.0629	0.0708	0.0937	0.078	0.1189	0.22	0.2355	0.248	0.244	0.2406	0.1677	0.1079	0.5214724	-0.19316816	-0.4515657
29.5	41.5	78.08804180562117	29.90276239353725	0.0629	0.071	0.094	0.0769	0.1189	0.22	0.2355	0.246	0.244	0.2406	0.1677	0.1079	0.5236916	-0.18926762	-0.44705886
30.5	41.5	78.08813404531595	29.90276239353725	0.0629	0.07	0.0972	0.0803	0.1237	0.2135	0.2333	0.2414	0.2384	0.2406	0.1717	0.1126	0.5007771	-0.16872428	-0.42587125
31.5	41.5	78.08822628501073	29.90276239353725	0.0629	0.0726	0.0992	0.0866	0.1237	0.2135	0.2333	0.2431	0.2384	0.2406	0.1717	0.1126	0.47467396	-0.17213115	-0.42039147
32.5	41.5	78.0883185247055	29.90276239353725	0.0629	0.0772	0.1023	0.0901	0.1259	0.2246	0.2426	0.2524	0.2543	0.2406	0.1809	0.1274	0.47386864	-0.16501273	-0.42317453
33.5	41.5	78.08841076440028	29.90276239353725	0.0629	0.0705	0.0944	0.0767	0.1259	0.2246	0.2426	0.2511	0.2543	0.2406	0.1809	0.1274	0.5320317	-0.16250002	-0.45354557
34.5	41.5	78.08850300409506	29.90276239353725	0.0677	0.0676	0.0939	0.0685	0.1157	0.2215	0.2427	0.2533	0.2544	0.2052	0.1624	0.1032	0.5742698	-0.21866731	-0.45910138
35.5	41.5	78.08859524378984	29.90276239353725	0.0677	0.0686	0.0913	0.0667	0.1157	0.2215	0.2427	0.2493	0.2544	0.2052	0.1624	0.1032	0.57784814	-0.211076	-0.46388724
24.5	42.5	78.08758060714729	29.902670153842475	0.0598	0.0685	0.093	0.0778	0.1208	0.213	0.2321	0.243	0.2431	0.2442	0.1709	0.1123	0.5149626	-0.17419666	-0.44642857
25.5	42.5	78.08767284684207	29.902670153842475	0.0598	0.0686	0.0967	0.0832	0.1201	0.2131	0.2316	0.2394	0.2383	0.2442	0.169	0.1104	0.48419094	-0.17238002	-0.424576
26.5	42.5	78.08776508653685	29.902670153842475	0.0598	0.0688	0.096	0.0778	0.1201	0.2131	0.2316	0.2477	0.2383	0.2442	0.169	0.1104	0.5219662	-0.1888649	-0.4413733
27.5	42.5	78.08785732623163	29.902670153842475	0.0629	0.0683	0.0927	0.0733	0.1189	0.22	0.2355	0.25	0.244	0.2406	0.1677	0.1079	0.5465512	-0.19703138	-0.45900205
28.5	42.5	78.0879495659264	29.902670153842475	0.0629	0.0683	0.0927	0.0733	0.1189	0.22	0.2355	0.25	0.244	0.2406	0.1677	0.1079	0.5465512	-0.19703138	-0.45900205
29.5	42.5	78.08804180562117	29.902670153842475	0.0629	0.0708	0.0944	0.0733	0.1189	0.22	0.2355	0.2442	0.244	0.2406	0.1677	0.1079	0.53826773	-0.18572472	-0.44240993
30.5	42.5	78.08813404531595	29.902670153842475	0.0629	0.0694	0.0923	0.0731	0.1237	0.2135	0.2333	0.2376	0.2384	0.2406	0.1717	0.1126	0.52944964	-0.16100658	-0.4404365
31.5	42.5	78.08822628501073	29.902670153842475	0.0629	0.0732	0.0933	0.0779	0.1237	0.2135	0.2333	0.2357	0.2384	0.2406	0.1717	0.1126	0.5031888	-0.15709375	-0.43282673
24.5	43.5	78.08758060714729	29.9025779141477	0.0609	0.0683	0.0933	0.0767	0.1176	0.2085	0.2302	0.2546	0.2374	0.2221	0.1654	0.1079	0.5369755	-0.21238093	-0.46363896
25.5	43.5	78.08767284684207	29.9025779141477	0.0609	0.0709	0.0935	0.0733	0.1164	0.2169	0.2363	0.2548	0.2471	0.2221	0.1631	0.101	0.553185	-0.21943046	-0.46310648
26.5	43.5	78.08776508653685	29.9025779141477	0.0609	0.0695	0.0919	0.0723	0.1164	0.2169	0.2363	0.249	0.2471	0.2221	0.1631	0.101	0.5499533	-0.20844454	-0.46083897
27.5	43.5	78.08785732623163	29.9025779141477	0.0692	0.0663	0.0931	0.0704	0.1151	0.2157	0.2311	0.247	0.2423	0.2345	0.1614	0.0994	0.5563957	-0.2095984	-0.45251396
28.5	43.5	78.0879495659264	29.9025779141477	0.0692	0.0663	0.0931	0.0704	0.1151	0.2157	0.2311	0.247	0.2423	0.2345	0.1614	0.0994	0.5563957	-0.2095984	-0.45251396
24.5	44.5	78.08758060714729	29.902485674452922	0.0609	0.065	0.0913	0.0704	0.1176	0.2085	0.2302	0.2562	0.2374	0.2221	0.1654	0.1079	0.5688916	-0.21537	-0.47453234
91.5	46.5	78.09376066669732	29.90230119506337	0.053	0.0545	0.0725	0.0528	0.0875	0.2157	0.2542	0.2796	0.2701	0.2025	0.1302	0.0769	0.68231046	-0.36456808	-0.5881852
92.5	46.5	78.0938529063921	29.90230119506337	0.053	0.0569	0.0712	0.0532	0.0925	0.2511	0.3076	0.3062	0.3153	0.2025	0.135	0.0738	0.70395106	-0.38803262	-0.6226815
93.5	46.5	78.09394514608687	29.90230119506337	0.053	0.0569	0.0712	0.0532	0.0925	0.2511	0.3076	0.3062	0.3153	0.2025	0.135	0.0738	0.70395106	-0.38803262	-0.6226815
94.5	46.5	78.09403738578165	29.90230119506337	0.053	0.0543	0.0731	0.0536	0.0925	0.2511	0.3076	0.3245	0.3153	0.2025	0.135	0.0738	0.7164771	-0.41240478	-0.63229376
95.5	46.5	78.09412962547643	29.90230119506337	0.0553	0.0584	0.0765	0.0568	0.0926	0.2486	0.2977	0.3075	0.3084	0.2247	0.1326	0.0716	0.6881691	-0.3974097	-0.6015625
96.5	46.5	78.0942218651712	29.90230119506337	0.0553	0.0593	0.0754	0.0573	0.0926	0.2486	0.2977	0.304	0.3084	0.2247	0.1326	0.0716	0.68281204	-0.39257902	-0.6025303
91.5	47.5	78.09376066669732	29.902208955368593	0.053	0.0526	0.0707	0.0515	0.0737	0.1663	0.2065	0.2792	0.2212	0.2025	0.1092	0.0597	0.68853945	-0.4376931	-0.59588456
92.5	47.5	78.0938529063921	29.902208955368593	0.053	0.0563	0.0714	0.0506	0.0813	0.1974	0.228	0.2918	0.2453	0.2025	0.1089	0.0606	0.7044392	-0.45645118	-0.60682815
93.5	47.5	78.09394514608687	29.902208955368593	0.053	0.0563	0.0714	0.0506	0.0813	0.1974	0.228	0.2918	0.2453	0.2025	0.1089	0.0606	0.7044392	-0.45645118	-0.60682815
94.5	47.5	78.09403738578165	29.902208955368593	0.053	0.0556	0.0714	0.051	0.0813	0.1974	0.228	0.2812	0.2453	0.2025	0.1089	0.0606	0.69295603	-0.4416816	-0.5950085
95.5	47.5	78.09412962547643	29.902208955368593	0.0553	0.0586	0.0741	0.0543	0.0845	0.208	0.2394	0.2852	0.251	0.2247	0.112	0.0607	0.68011785	-0.43605235	-0.5875313
96.5	47.5	78.0942218651712	29.902208955368593	0.0553	0.0548	0.0741	0.0582	0.0845	0.208	0.2394	0.2878	0.251	0.2247	0.112	0.0607	0.6635838	-0.43971986	-0.59049463
91.5	48.5	78.09376066669732	29.902116715673817	0.053	0.052	0.0656	0.0485	0.0737	0.1663	0.2065	0.2082	0.2212	0.2025	0.1092	0.0597	0.622127	-0.31190926	-0.5208181
92.5	48.5	78.0938529063921	29.902116715673817	0.053	0.0526	0.0666	0.0485	0.0813	0.1974	0.228	0.2218	0.2453	0.2025	0.1089	0.0606	0.64113945	-0.34139702	-0.5381414
93.5	48.5	78.09394514608687	29.902116715673817	0.053	0.0526	0.0666	0.0485	0.0813	0.1974	0.228	0.2218	0.2453	0.2025	0.1089	0.0606	0.64113945	-0.34139702	-0.5381414
94.5	48.5	78.09403738578165	29.902116715673817	0.053	0.0558	0.0628	0.0466	0.0813	0.1974	0.228	0.1817	0.2453	0.2025	0.1089	0.0606	0.5917652	-0.25051618	-0.4862986
95.5	48.5	78.09412962547643	29.902116715673817	0.0553	0.0554	0.0672	0.0496	0.0845	0.208	0.2394	0.222	0.251	0.2247	0.112	0.0607	0.634757	-0.32934132	-0.53526974
96.5	48.5	78.0942218651712	29.902116715673817	0.0553	0.0528	0.0694	0.0528	0.0845	0.208	0.2394	0.2376	0.251	0.2247	0.112	0.0607	0.6363636	-0.3592677	-0.54788274
91.5	49.5	78.09376066669732	29.90202447597904	0.053	0.0541	0.0623	0.0496	0.0747	0.1399	0.1661	0.1688	0.1729	0.2025	0.1028	0.0558	0.5457875	-0.24300443	-0.46083945
92.5	49.5	78.0938529063921	29.90202447597904	0.053	0.0511	0.0584	0.0484	0.0732	0.1341	0.1567	0.1626	0.1599	0.2025	0.0966	0.0547	0.5412322	-0.2546296	-0.47149318
93.5	49.5	78.09394514608687	29.90202447597904	0.053	0.0545	0.0583	0.0464	0.0732	0.1341	0.1567	0.128	0.1599	0.2025	0.0966	0.0547	0.46788993	-0.1398041	-0.37412778
94.5	49.5	78.09403738578165	29.90202447597904	0.053	0.0545	0.0583	0.0464	0.0732	0.1341	0.1567	0.128	0.1599	0.2025	0.0966	0.0547	0.46788993	-0.1398041	-0.37412778
95.5	49.5	78.09412962547643	29.90202447597904	0.0553	0.0567	0.0651	0.0528	0.0754	0.1496	0.1774	0.1798	0.1837	0.2247	0.1026	0.0576	0.54600173	-0.2733711	-0.46835443
96.5	49.5	78.0942218651712	29.90202447597904	0.0553	0.0558	0.0662	0.0504	0.0754	0.1496	0.1774	0.185	0.1837	0.2247	0.1026	0.0576	0.5717927	-0.28650904	-0.47292992
4.5	58.5	78.08573581325176	29.901194318726052	0.0651	0.068	0.0889	0.0606	0.1068	0.2699	0.3278	0.3584	0.3364	0.273	0.1549	0.0851	0.71073985	-0.3964543	-0.6025039
3.5	59.5	78.085643573557	29.901102079031276	0.0651	0.0617	0.0844	0.0618	0.1068	0.2699	0.3278	0.3573	0.3364	0.273	0.1549	0.0851	0.70508236	-0.39515817	-0.6178402
4.5	59.5	78.08573581325176	29.901102079031276	0.0651	0.0617	0.0844	0.0618	0.1068	0.2699	0.3278	0.3573	0.3364	0.273	0.1549	0.0851	0.70508236	-0.39515817	-0.6178402
5.5	59.5	78.08582805294654	29.901102079031276	0.0651	0.0648	0.0839	0.0604	0.1119	0.2859	0.3537	0.3781	0.3652	0.273	0.1522	0.0761	0.7245154	-0.4259853	-0.63679653
3.5	60.5	78.085643573557	29.9010098393365	0.0663	0.0677	0.0869	0.0603	0.1161	0.2457	0.2878	0.3521	0.3006	0.2565	0.1564	0.0926	0.7075655	-0.38485745	-0.6041002
4.5	60.5	78.08573581325176	29.9010098393365	0.0663	0.0677	0.0869	0.0603	0.1161	0.2457	0.2878	0.3521	0.3006	0.2565	0.1564	0.0926	0.7075655	-0.38485745	-0.6041002
5.5	60.5	78.08582805294654	29.9010098393365	0.0663	0.0693	0.0871	0.062	0.107	0.2938	0.3491	0.3552	0.371	0.2565	0.149	0.0793	0.7027804	-0.40896466	-0.6061497
6.5	60.5	78.08592029264132	29.9010098393365	0.0663	0.0678	0.0862	0.0627	0.107	0.2938	0.3491	0.3946	0.371	0.2565	0.149	0.0793	0.72578174	-0.4518028	-0.641431
2.5	61.5	78.08555133386221	29.900917599641723	0.0663	0.0778	0.0995	0.0893	0.1161	0.2457	0.2878	0.2501	0.3006	0.2565	0.1564	0.0926	0.47377723	-0.23050429	-0.430778
3.5	61.5	78.085643573557	29.900917599641723	0.0663	0.0703	0.0938	0.0739	0.1161	0.2457	0.2878	0.3178	0.3006	0.2565	0.1564	0.0926	0.6226704	-0.3403627	-0.54421765
4.5	61.5	78.08573581325176	29.900917599641723	0.0663	0.0697	0.0891	0.0637	0.107	0.2938	0.3491	0.3362	0.371	0.2565	0.149	0.0793	0.6814204	-0.38582027	-0.58100164
5.5	61.5	78.08582805294654	29.900917599641723	0.0663	0.0697	0.0891	0.0637	0.107	0.2938	0.3491	0.3362	0.371	0.2565	0.149	0.0793	0.6814204	-0.38582027	-0.58100164
6.5	61.5	78.08592029264132	29.900917599641723	0.0663	0.0705	0.0864	0.0628	0.107	0.2938	0.3491	0.364	0.371	0.2565	0.149	0.0793	0.70571697	-0.4191033	-0.616341
7.5	61.5	78.0860125323361	29.900917599641723	0.0668	0.0682	0.0864	0.0622	0.1121	0.3073	0.3783	0.4062	0.3957	0.2774	0.153	0.0787	0.73441505	-0.4527897	-0.64920825
8.5	61.5	78.08610477203086	29.900917599641723	0.0668	0.0682	0.0913	0.062	0.1121	0.3073	0.3783	0.416	0.3957	0.2774	0.153	0.0787	0.7405858	-0.46221444	-0.6400552
1.5	62.5	78.08545909416743	29.900825359946946	0.0663	0.0757	0.098	0.0816	0.1126	0.1862	0.2055	0.2181	0.2212	0.2565	0.1425	0.0808	0.45545542	-0.20965058	-0.37994307
2.5	62.5	78.08555133386221	29.900825359946946	0.0663	0.0792	0.1036	0.0851	0.1251	0.2113	0.2298	0.2321	0.2499	0.2565	0.1588	0.0978	0.46343	-0.18751596	-0.38278222
3.5	62.5	78.085643573557	29.900825359946946	0.0663	0.075	0.1015	0.0855	0.1251	0.2113	0.2298	0.2724	0.2499	0.2565	0.1588	0.0978	0.52221286	-0.2634508	-0.45707408
4.5	62.5	78.08573581325176	29.900825359946946	0.0663	0.0713	0.093	0.0707	0.1168	0.2687	0.3208	0.3388	0.3276	0.2565	0.1582	0.0914	0.6547009	-0.3633803	-0.56924504
5.5	62.5	78.08582805294654	29.900825359946946	0.0663	0.0713	0.093	0.0707	0.1168	0.2687	0.3208	0.3388	0.3276	0.2565	0.1582	0.0914	0.6547009	-0.3633803	-0.56924504
1.5	63.5	78.08545909416743	29.90073312025217	0.0663	0.078	0.1046	0.0827	0.1126	0.1862	0.2055	0.232	0.2212	0.2565	0.1425	0.0808	0.47442007	-0.2389853	-0.37849078
2.5	63.5	78.08555133386221	29.90073312025217	0.0663	0.0809	0.1056	0.0855	0.1251	0.2113	0.2298	0.2347	0.2499	0.2565	0.1588	0.0978	0.46595874	-0.19288434	-0.37937114
10.5	85.5	78.08628925142042	29.898703846967088	0.0633	0.0645	0.0744	0.065	0.0866	0.1598	0.1763	0.1938	0.1983	0.1621	0.1212	0.0664	0.49768162	-0.23047619	-0.44519016
11.5	85.5	78.0863814911152	29.898703846967088	0.0633	0.0645	0.0744	0.065	0.0866	0.1598	0.1763	0.1938	0.1983	0.1621	0.1212	0.0664	0.49768162	-0.23047619	-0.44519016
12.5	85.5	78.08647373080997	29.898703846967088	0.0633	0.0679	0.0758	0.0642	0.0866	0.1598	0.1763	0.1958	0.1983	0.1621	0.1212	0.0664	0.5061539	-0.23533124	-0.44182622
10.5	86.5	78.08628925142042	29.89861160727231	0.0633	0.0628	0.0758	0.0625	0.0824	0.138	0.1633	0.1692	0.1668	0.1621	0.1104	0.0623	0.4605093	-0.21030045	-0.38122448
11.5	86.5	78.0863814911152	29.89861160727231	0.0633	0.0628	0.0758	0.0625	0.0824	0.138	0.1633	0.1692	0.1668	0.1621	0.1104	0.0623	0.4605093	-0.21030045	-0.38122448
12.5	86.5	78.08647373080997	29.89861160727231	0.0633	0.0637	0.0762	0.062	0.0824	0.138	0.1633	0.1864	0.1668	0.1621	0.1104	0.0623	0.50080514	-0.25606468	-0.41964963
10.5	87.5	78.08628925142042	29.898519367577535	0.0633	0.0628	0.0721	0.0596	0.0824	0.138	0.1633	0.1498	0.1668	0.1621	0.1104	0.0623	0.43075454	-0.151422	-0.35015774
11.5	87.5	78.0863814911152	29.898519367577535	0.0633	0.0628	0.0721	0.0596	0.0824	0.138	0.1633	0.1498	0.1668	0.1621	0.1104	0.0623	0.43075454	-0.151422	-0.35015774
12.5	87.5	78.08647373080997	29.898519367577535	0.0633	0.0602	0.0684	0.0614	0.0824	0.138	0.1633	0.157	0.1668	0.1621	0.1104	0.0623	0.43772894	-0.17427078	-0.39307895
10.5	88.5	78.08628925142042	29.89842712788276	0.0633	0.0597	0.0711	0.0581	0.0844	0.1383	0.1544	0.1562	0.1624	0.1621	0.1026	0.0573	0.4577695	-0.20710975	-0.3743951
11.5	88.5	78.0863814911152	29.89842712788276	0.0633	0.0606	0.0737	0.0605	0.0844	0.1383	0.1544	0.16	0.1624	0.1621	0.1026	0.0573	0.45124716	-0.21858338	-0.36927682
12.5	88.5	78.08647373080997	29.89842712788276	0.0633	0.0606	0.0737	0.0605	0.0844	0.1383	0.1544	0.16	0.1624	0.1621	0.1026	0.0573	0.45124716	-0.21858338	-0.36927682
10.5	89.5	78.08628925142042	29.898334888187982	0.0633	0.0572	0.0724	0.0602	0.0844	0.1383	0.1544	0.1549	0.1624	0.1621	0.1026	0.0573	0.44026035	-0.20310679	-0.36295643
11.5	89.5	78.0863814911152	29.898334888187982	0.0633	0.0654	0.0751	0.0598	0.0844	0.1383	0.1544	0.1832	0.1624	0.1621	0.1026	0.0573	0.50781894	-0.28201538	-0.41850564
12.5	89.5	78.08647373080997	29.898334888187982	0.0633	0.0654	0.0751	0.0598	0.0844	0.1383	0.1544	0.1832	0.1624	0.1621	0.1026	0.0573	0.50781894	-0.28201538	-0.41850564
10.5	90.5	78.08628925142042	29.898242648493206	0.0649	0.0609	0.0653	0.0597	0.0785	0.1355	0.1591	0.1603	0.164	0.1704	0.1053	0.0583	0.45727274	-0.20707831	-0.42109928
11.5	90.5	78.0863814911152	29.898242648493206	0.0649	0.0609	0.0725	0.0604	0.0785	0.1355	0.1591	0.1974	0.164	0.1704	0.1053	0.0583	0.5314197	-0.30426165	-0.462764
12.5	90.5	78.08647373080997	29.898242648493206	0.0649	0.0609	0.0725	0.0604	0.0785	0.1355	0.1591	0.1974	0.164	0.1704	0.1053	0.0583	0.5314197	-0.30426165	-0.462764
65.5	90.5	78.09136243463313	29.898242648493206	0.0743	0.0621	0.0719	0.0602	0.0956	0.1773	0.2147	0.1771	0.1912	0.1973	0.1344	0.0872	0.4926254	-0.13707867	-0.42248994
66.5	90.5	78.0914546743279	29.898242648493206	0.0665	0.0594	0.0756	0.0616	0.0814	0.1396	0.1618	0.1742	0.1796	0.1786	0.1171	0.0735	0.47752333	-0.19601785	-0.3947158
67.5	90.5	78.09154691402269	29.898242648493206	0.0665	0.0594	0.0756	0.0616	0.0814	0.1396	0.1618	0.1742	0.1796	0.1786	0.1171	0.0735	0.47752333	-0.19601785	-0.3947158
68.5	90.5	78.09163915371745	29.898242648493206	0.0665	0.0615	0.0739	0.0628	0.0814	0.1396	0.1618	0.1752	0.1796	0.1786	0.1171	0.0735	0.4722689	-0.19876839	-0.40666398
69.5	90.5	78.09173139341223	29.898242648493206	0.0665	0.0568	0.0703	0.061	0.0837	0.1272	0.1487	0.1536	0.1481	0.1786	0.1142	0.0663	0.4315005	-0.14712472	-0.37204114
70.5	90.5	78.09182363310701	29.898242648493206	0.0665	0.0609	0.0634	0.0591	0.0837	0.1272	0.1487	0.1254	0.1481	0.1786	0.1142	0.0663	0.35934964	-0.046744585	-0.32838985
71.5	90.5	78.09191587280179	29.898242648493206	0.0665	0.0636	0.0683	0.0596	0.0825	0.1553	0.1797	0.1582	0.1842	0.1786	0.1121	0.0631	0.4527089	-0.17055124	-0.39690948
10.5	91.5	78.08628925142042	29.89815040879843	0.0649	0.0628	0.0756	0.0623	0.0785	0.1355	0.1591	0.1737	0.164	0.1704	0.1053	0.0583	0.47203392	-0.2451613	-0.39350182
11.5	91.5	78.0863814911152	29.89815040879843	0.0649	0.0584	0.0708	0.0602	0.0785	0.1355	0.1591	0.1581	0.164	0.1704	0.1053	0.0583	0.4484654	-0.20045556	-0.38138923
12.5	91.5	78.08647373080997	29.89815040879843	0.0649	0.0584	0.0708	0.0602	0.0785	0.1355	0.1591	0.1581	0.164	0.1704	0.1053	0.0583	0.4484654	-0.20045556	-0.38138923
65.5	91.5	78.09136243463313	29.89815040879843	0.0571	0.0642	0.0787	0.0655	0.0938	0.2093	0.2524	0.225	0.2574	0.202	0.1232	0.0724	0.5490534	-0.2923607	-0.4817254
66.5	91.5	78.0914546743279	29.89815040879843	0.0553	0.0606	0.0776	0.0626	0.0817	0.152	0.1512	0.2058	0.188	0.2123	0.1141	0.0635	0.533532	-0.28665206	-0.45236412
67.5	91.5	78.09154691402269	29.89815040879843	0.0553	0.0606	0.0776	0.0626	0.0817	0.152	0.1512	0.2058	0.188	0.2123	0.1141	0.0635	0.533532	-0.28665206	-0.45236412
68.5	91.5	78.09163915371745	29.89815040879843	0.0553	0.0598	0.0765	0.0621	0.0817	0.152	0.1512	0.2002	0.188	0.2123	0.1141	0.0635	0.5264964	-0.2739421	-0.4470546
69.5	91.5	78.09173139341223	29.89815040879843	0.0553	0.057	0.0716	0.0589	0.0795	0.1428	0.1666	0.1716	0.169	0.2123	0.1114	0.0617	0.4889371	-0.21272084	-0.41118422
70.5	91.5	78.09182363310701	29.89815040879843	0.0553	0.0566	0.0634	0.0554	0.0795	0.1428	0.1666	0.1552	0.169	0.2123	0.1114	0.0617	0.47388417	-0.16429108	-0.41994512
71.5	91.5	78.09191587280179	29.89815040879843	0.0553	0.062	0.071	0.0553	0.0857	0.1734	0.194	0.1842	0.2092	0.2123	0.1185	0.0642	0.5382046	-0.21704659	-0.44357365
10.5	92.5	78.08628925142042	29.898058169103653	0.0649	0.0618	0.0752	0.0635	0.0823	0.1524	0.1638	0.1787	0.1808	0.1704	0.1172	0.0702	0.47563997	-0.20784047	-0.4076408
11.5	92.5	78.0863814911152	29.898058169103653	0.0649	0.0601	0.0713	0.0588	0.0823	0.1524	0.1638	0.1599	0.1808	0.1704	0.1172	0.0702	0.46227708	-0.15409596	-0.383218
12.5	92.5	78.08647373080997	29.898058169103653	0.0568	0.0611	0.0634	0.0559	0.078	0.1381	0.1662	0.1522	0.1738	0.1663	0.1095	0.0613	0.46275827	-0.16316393	-0.41187385
65.5	92.5	78.09136243463313	29.898058169103653	0.0571	0.0616	0.0719	0.0615	0.0938	0.2093	0.2524	0.1869	0.2574	0.202	0.1232	0.0724	0.5048309	-0.20541762	-0.4443586
66.5	92.5	78.0914546743279	29.898058169103653	0.0553	0.0598	0.0711	0.0579	0.0817	0.152	0.1512	0.1734	0.188	0.2123	0.1141	0.0635	0.4993515	-0.20626086	-0.41840494
67.5	92.5	78.09154691402269	29.898058169103653	0.0553	0.0584	0.0727	0.059	0.0817	0.152	0.1512	0.1729	0.188	0.2123	0.1141	0.0635	0.49116	-0.20487806	-0.40798047
68.5	92.5	78.09163915371745	29.898058169103653	0.0553	0.0584	0.0727	0.059	0.0817	0.152	0.1512	0.1729	0.188	0.2123	0.1141	0.0635	0.49116	-0.20487806	-0.40798047
69.5	92.5	78.09173139341223	29.898058169103653	0.0553	0.0593	0.0698	0.0586	0.0795	0.1428	0.1666	0.1726	0.169	0.2123	0.1114	0.0617	0.49307957	-0.21549296	-0.42409244
70.5	92.5	78.09182363310701	29.898058169103653	0.0553	0.0607	0.0739	0.0596	0.0795	0.1428	0.1666	0.1974	0.169	0.2123	0.1114	0.0617	0.53618675	-0.27849743	-0.45521563
71.5	92.5	78.09191587280179	29.898058169103653	0.0553	0.062	0.0753	0.0596	0.0857	0.1734	0.194	0.2292	0.2092	0.2123	0.1185	0.0642	0.5872576	-0.3183779	-0.5054187
65.5	93.5	78.09136243463313	29.897965929408876	0.0571	0.0548	0.0657	0.055	0.0889	0.194	0.231	0.1516	0.2219	0.202	0.1176	0.0635	0.4675702	-0.12630016	-0.39530602
66.5	93.5	78.0914546743279	29.897965929408876	0.0553	0.0606	0.0694	0.0581	0.085	0.1591	0.1747	0.1786	0.2074	0.2123	0.1218	0.0655	0.5090832	-0.18908122	-0.44032258
67.5	93.5	78.09154691402269	29.897965929408876	0.0553	0.0598	0.0668	0.0575	0.085	0.1591	0.1747	0.1895	0.2074	0.2123	0.1218	0.0655	0.534413	-0.21747512	-0.47873586
68.5	93.5	78.09163915371745	29.897965929408876	0.0553	0.0598	0.0668	0.0575	0.085	0.1591	0.1747	0.1895	0.2074	0.2123	0.1218	0.0655	0.534413	-0.21747512	-0.47873586
69.5	93.5	78.09173139341223	29.897965929408876	0.0553	0.062	0.0702	0.0591	0.0899	0.1734	0.2005	0.1982	0.2135	0.2123	0.1242	0.0681	0.54061407	-0.22952853	-0.47690013
70.5	93.5	78.09182363310701	29.897965929408876	0.0553	0.0593	0.0717	0.0609	0.0899	0.1734	0.2005	0.1986	0.2135	0.2123	0.1242	0.0681	0.53063583	-0.23048325	-0.46947834
71.5	93.5	78.09191587280179	29.897965929408876	0.0553	0.0589	0.0702	0.0581	0.0865	0.1743	0.1919	0.1968	0.2181	0.2123	0.1238	0.0651	0.5441349	-0.22769804	-0.47415727
65.5	94.5	78.09136243463313	29.8978736897141	0.0571	0.055	0.0678	0.0566	0.0889	0.194	0.231	0.1816	0.2219	0.202	0.1176	0.0635	0.5247691	-0.21390375	-0.4562951
66.5	94.5	78.0914546743279	29.8978736897141	0.0553	0.0633	0.0749	0.0626	0.085	0.1591	0.1747	0.2292	0.2074	0.2123	0.1218	0.0655	0.570939	-0.30598292	-0.5073989
67.5	94.5	78.09154691402269	29.8978736897141	0.0553	0.0642	0.0714	0.0607	0.085	0.1591	0.1747	0.2212	0.2074	0.2123	0.1218	0.0655	0.56935084	-0.28979594	-0.5119617
68.5	94.5	78.09163915371745	29.8978736897141	0.0553	0.0642	0.0714	0.0607	0.085	0.1591	0.1747	0.2212	0.2074	0.2123	0.1218	0.0655	0.56935084	-0.28979594	-0.5119617
69.5	94.5	78.09173139341223	29.8978736897141	0.0553	0.062	0.0784	0.0616	0.0899	0.1734	0.2005	0.2348	0.2135	0.2123	0.1242	0.0681	0.58434546	-0.308078	-0.49936143
70.5	94.5	78.09182363310701	29.8978736897141	0.0553	0.0607	0.0717	0.0589	0.0899	0.1734	0.2005	0.2171	0.2135	0.2123	0.1242	0.0681	0.5731884	-0.27219453	-0.5034626
71.5	94.5	78.09191587280179	29.8978736897141	0.0553	0.063	0.0747	0.0586	0.0865	0.1743	0.1919	0.211	0.2181	0.2123	0.1238	0.0651	0.56528187	-0.260454	-0.47707385
65.5	95.5	78.09136243463313	29.897781450019323	0.0571	0.0642	0.0755	0.0636	0.0913	0.1904	0.1972	0.2025	0.2295	0.202	0.1304	0.0726	0.5219842	-0.21658155	-0.45683455
66.5	95.5	78.0914546743279	29.897781450019323	0.0553	0.0625	0.078	0.0639	0.0953	0.1833	0.2107	0.2521	0.2219	0.2123	0.1321	0.0699	0.5955696	-0.3123373	-0.52741593
67.5	95.5	78.09154691402269	29.897781450019323	0.0553	0.0619	0.0755	0.063	0.0953	0.1833	0.2107	0.2385	0.2219	0.2123	0.1321	0.0699	0.58208954	-0.28710198	-0.5191083
68.5	95.5	78.09163915371745	29.897781450019323	0.0553	0.0619	0.0755	0.063	0.0953	0.1833	0.2107	0.2385	0.2219	0.2123	0.1321	0.0699	0.58208954	-0.28710198	-0.5191083
69.5	95.5	78.09173139341223	29.897781450019323	0.0553	0.062	0.0755	0.0625	0.0895	0.1746	0.1946	0.2379	0.2183	0.2123	0.13	0.0709	0.5838882	-0.29328623	-0.51818764
70.5	95.5	78.09182363310701	29.897781450019323	0.0553	0.062	0.0745	0.0579	0.0895	0.1746	0.1946	0.2079	0.2183	0.2123	0.13	0.0709	0.5643341	-0.2305416	-0.4723796
71.5	95.5	78.09191587280179	29.897781450019323	0.0553	0.062	0.076	0.0623	0.0917	0.1757	0.2045	0.2165	0.2166	0.2123	0.1347	0.0701	0.5530847	-0.23291571	-0.48034188
65.5	96.5	78.09136243463313	29.897689210324547	0.0571	0.0633	0.0715	0.0615	0.0913	0.1904	0.1972	0.198	0.2295	0.202	0.1304	0.0726	0.5260115	-0.20584652	-0.46938774
66.5	96.5	78.0914546743279	29.897689210324547	0.0553	0.0625	0.0752	0.0618	0.0953	0.1833	0.2107	0.2314	0.2219	0.2123	0.1321	0.0699	0.5784447	-0.27317744	-0.5094586
67.5	96.5	78.09154691402269	29.897689210324547	0.0553	0.0598	0.0807	0.0626	0.0953	0.1833	0.2107	0.2327	0.2219	0.2123	0.1321	0.0699	0.57602435	-0.27576756	-0.48500317
68.5	96.5	78.09163915371745	29.897689210324547	0.0553	0.0611	0.0753	0.0612	0.0895	0.1746	0.1946	0.2073	0.2183	0.2123	0.13	0.0709	0.5441341	-0.22917287	-0.4670913
69.5	96.5	78.09173139341223	29.897689210324547	0.0553	0.0611	0.0753	0.0612	0.0895	0.1746	0.1946	0.2073	0.2183	0.2123	0.13	0.0709	0.5441341	-0.22917287	-0.4670913
70.5	96.5	78.09182363310701	29.897689210324547	0.0553	0.0589	0.0717	0.0584	0.0895	0.1746	0.1946	0.1886	0.2183	0.2123	0.13	0.0709	0.5271255	-0.18392973	-0.44909722
71.5	96.5	78.09191587280179	29.897689210324547	0.0553	0.0584	0.0766	0.0642	0.0917	0.1757	0.2045	0.2302	0.2166	0.2123	0.1347	0.0701	0.5638587	-0.26171553	-0.5006519
65.5	97.5	78.09136243463313	29.89759697062977	0.0565	0.0562	0.0694	0.0547	0.0843	0.1494	0.1535	0.162	0.1887	0.1892	0.1279	0.074	0.4951546	-0.11762675	-0.4001729
66.5	97.5	78.0914546743279	29.89759697062977	0.0585	0.0616	0.0728	0.0611	0.093	0.1715	0.2031	0.2129	0.2113	0.212	0.1257	0.0664	0.5540146	-0.25753102	-0.4903745
67.5	97.5	78.09154691402269	29.89759697062977	0.0585	0.063	0.0752	0.0601	0.093	0.1715	0.2031	0.2208	0.2113	0.212	0.1257	0.0664	0.57208973	-0.2744589	-0.4918919
68.5	97.5	78.09163915371745	29.89759697062977	0.0585	0.0593	0.0717	0.0586	0.0933	0.1836	0.2068	0.1921	0.2188	0.212	0.1322	0.0693	0.53250897	-0.18470553	-0.45640638
69.5	97.5	78.09173139341223	29.89759697062977	0.0585	0.0593	0.0717	0.0586	0.0933	0.1836	0.2068	0.1921	0.2188	0.212	0.1322	0.0693	0.53250897	-0.18470553	-0.45640638
70.5	97.5	78.09182363310701	29.89759697062977	0.0585	0.0599	0.0717	0.0605	0.0933	0.1836	0.2068	0.1903	0.2188	0.212	0.1322	0.0693	0.51754385	-0.18015504	-0.45267177
71.5	97.5	78.09191587280179	29.89759697062977	0.0585	0.0634	0.0794	0.0629	0.0941	0.189	0.2081	0.2172	0.2285	0.212	0.1368	0.0727	0.5508747	-0.22711861	-0.46459877
65.5	98.5	78.09136243463313	29.897504730934994	0.0565	0.0558	0.0718	0.0573	0.0843	0.1494	0.1535	0.1756	0.1887	0.1892	0.1279	0.074	0.50794333	-0.15716639	-0.41956347
66.5	98.5	78.0914546743279	29.897504730934994	0.0585	0.0633	0.0777	0.0644	0.093	0.1715	0.2031	0.2301	0.2113	0.212	0.1257	0.0664	0.56264853	-0.2934233	-0.49512672
67.5	98.5	78.09154691402269	29.897504730934994	0.0585	0.0634	0.0775	0.0638	0.093	0.1715	0.2031	0.2285	0.2113	0.212	0.1257	0.0664	0.5634622	-0.2902315	-0.49346405
68.5	98.5	78.09163915371745	29.897504730934994	0.0585	0.0637	0.0786	0.0633	0.0933	0.1836	0.2068	0.2428	0.2188	0.212	0.1322	0.0693	0.5864097	-0.29493332	-0.5108899
69.5	98.5	78.09173139341223	29.897504730934994	0.0585	0.0637	0.0786	0.0633	0.0933	0.1836	0.2068	0.2428	0.2188	0.212	0.1322	0.0693	0.5864097	-0.29493332	-0.5108899
70.5	98.5	78.09182363310701	29.897504730934994	0.0585	0.0637	0.0786	0.0635	0.0933	0.1836	0.2068	0.2366	0.2188	0.212	0.1322	0.0693	0.57680774	-0.28308025	-0.50126904
71.5	98.5	78.09191587280179	29.897504730934994	0.0585	0.0625	0.0731	0.0614	0.0941	0.189	0.2081	0.2096	0.2285	0.212	0.1368	0.0727	0.5468635	-0.21016164	-0.482844
113.5	113.5	78.0957899399824	29.896121135513347	0.0566	0.0632	0.0918	0.0629	0.1135	0.3518	0.4439	0.4604	0.4587	0.4537	0.1895	0.0934	0.75960255	-0.41683334	-0.66751176
112.5	114.5	78.09569770028763	29.89602889581857	0.0603	0.0622	0.0918	0.0631	0.1123	0.3279	0.4245	0.4497	0.4321	0.3554	0.1814	0.0934	0.7539002	-0.42513072	-0.66094184
113.5	114.5	78.0957899399824	29.89602889581857	0.0566	0.0644	0.0913	0.0615	0.1138	0.3452	0.4444	0.4616	0.4563	0.4537	0.1864	0.0909	0.7648633	-0.42469138	-0.66974133
111.5	115.5	78.09560546059285	29.895936656123794	0.0603	0.0639	0.094	0.0625	0.1123	0.3279	0.4245	0.4519	0.4321	0.3554	0.1814	0.0934	0.7569984	-0.42712775	-0.6556146
112.5	115.5	78.09569770028763	29.895936656123794	0.0603	0.0635	0.0936	0.0621	0.1123	0.3279	0.4245	0.4543	0.4321	0.3554	0.1814	0.0934	0.75948876	-0.42929053	-0.6583318
113.5	115.5	78.0957899399824	29.895936656123794	0.0566	0.0622	0.0928	0.0615	0.1138	0.3452	0.4444	0.4596	0.4563	0.4537	0.1864	0.0909	0.76396084	-0.4229102	-0.6640116
114.5	115.5	78.09588217967718	29.895936656123794	0.0566	0.0628	0.0928	0.0586	0.1138	0.3452	0.4444	0.4676	0.4563	0.4537	0.1864	0.0909	0.777271	-0.42996943	-0.668808
110.5	116.5	78.09551322089807	29.895844416429018	0.0574	0.0618	0.091	0.0604	0.1108	0.3437	0.4388	0.4584	0.4616	0.3245	0.1799	0.0885	0.767155	-0.4363152	-0.66872954
111.5	116.5	78.09560546059285	29.895844416429018	0.0574	0.0618	0.091	0.0604	0.1108	0.3437	0.4388	0.4584	0.4616	0.3245	0.1799	0.0885	0.767155	-0.4363152	-0.66872954
112.5	116.5	78.09569770028763	29.895844416429018	0.0574	0.0639	0.0933	0.0604	0.1108	0.3437	0.4388	0.4568	0.4616	0.3245	0.1799	0.0885	0.76643467	-0.4348987	-0.66078895
113.5	116.5	78.0957899399824	29.895844416429018	0.0542	0.0581	0.0914	0.0612	0.1097	0.3369	0.4313	0.4596	0.452	0.4352	0.179	0.0867	0.764977	-0.43939868	-0.6682396
114.5	116.5	78.09588217967718	29.895844416429018	0.0542	0.0599	0.0931	0.0618	0.1097	0.3369	0.4313	0.466	0.452	0.4352	0.179	0.0867	0.7658204	-0.44496122	-0.66696477
109.5	117.5	78.09542098120329	29.89575217673424	0.0574	0.0603	0.0857	0.0615	0.1064	0.3213	0.3988	0.4472	0.4183	0.3245	0.1666	0.0831	0.7582072	-0.45715216	-0.6783637
110.5	117.5	78.09551322089807	29.89575217673424	0.0574	0.0616	0.0896	0.0604	0.1108	0.3437	0.4388	0.462	0.4616	0.3245	0.1799	0.0885	0.76875955	-0.43947655	-0.6751269
111.5	117.5	78.09560546059285	29.89575217673424	0.0574	0.0616	0.0896	0.0604	0.1108	0.3437	0.4388	0.462	0.4616	0.3245	0.1799	0.0885	0.76875955	-0.43947655	-0.6751269
112.5	117.5	78.09569770028763	29.89575217673424	0.0574	0.0626	0.0885	0.0602	0.1108	0.3437	0.4388	0.4595	0.4616	0.3245	0.1799	0.0885	0.7683279	-0.43728495	-0.6770073
113.5	117.5	78.0957899399824	29.89575217673424	0.0542	0.0605	0.0897	0.0601	0.1097	0.3369	0.4313	0.4596	0.452	0.4352	0.179	0.0867	0.7687127	-0.43939868	-0.6734025
109.5	118.5	78.09542098120329	29.895659937039465	0.0574	0.0587	0.0825	0.0582	0.0988	0.2349	0.3033	0.3984	0.306	0.3245	0.1544	0.0814	0.74507225	-0.4413893	-0.6568933
110.5	118.5	78.09551322089807	29.895659937039465	0.0574	0.0623	0.0879	0.0594	0.108	0.3032	0.3976	0.4474	0.391	0.3245	0.1667	0.0875	0.765588	-0.45709166	-0.67158604
111.5	118.5	78.09560546059285	29.895659937039465	0.0574	0.0623	0.0879	0.0594	0.108	0.3032	0.3976	0.4474	0.391	0.3245	0.1667	0.0875	0.765588	-0.45709166	-0.67158604
112.5	118.5	78.09569770028763	29.895659937039465	0.0574	0.0605	0.0863	0.0597	0.108	0.3032	0.3976	0.4513	0.391	0.3245	0.1667	0.0875	0.7663405	-0.4605178	-0.67894346
113.5	118.5	78.0957899399824	29.895659937039465	0.0542	0.0626	0.0874	0.0589	0.1066	0.3344	0.4323	0.4544	0.4361	0.4352	0.1744	0.0847	0.7705046	-0.44529262	-0.67737174
