Pixel-X	Pixel-Y	Longitude	Latitude	B1	B2	B3	B4	B5	B6	B7	B8	B8A	B9	B11	B12	PISI	NDVI	NDBI	NDWI
30.5	16.5	77.86251575189269	29.827494802599645	0.0948	0.106	0.123	0.1316	0.1781	0.2072	0.2153	0.1821	0.2208	0.2474	0.2358	0.2113	0.05740085	0.1609818	0.12849964	-0.19370696
31.5	16.5	77.86260799158747	29.827494802599645	0.0942	0.112	0.1358	0.1524	0.1987	0.2218	0.2273	0.1948	0.2377	0.2474	0.2409	0.2147	0.0550326	0.12211982	0.10580672	-0.1784634
27.5	17.5	77.86223903280836	29.82740256290487	0.0859	0.1416	0.1696	0.1832	0.1862	0.2486	0.2669	0.27	0.2734	0.2474	0.2608	0.2219	0.03615371	0.19152693	-0.017332342	-0.22838947
28.5	17.5	77.86233127250313	29.82740256290487	0.0937	0.1096	0.1478	0.1548	0.1658	0.1925	0.2036	0.2382	0.2082	0.2474	0.2306	0.1914	0.028176624	0.21221374	-0.016211594	-0.23419689
29.5	17.5	77.8624235121979	29.82740256290487	0.0937	0.1096	0.1478	0.1548	0.1658	0.1925	0.2036	0.2382	0.2082	0.2474	0.2306	0.1914	0.028176624	0.21221374	-0.016211594	-0.23419689
30.5	17.5	77.86251575189269	29.82740256290487	0.0937	0.107	0.1276	0.141	0.1658	0.1925	0.2036	0.1918	0.2082	0.2474	0.2306	0.1914	0.0526571	0.15264422	0.09185606	-0.20100188
31.5	17.5	77.86260799158747	29.82740256290487	0.0942	0.1074	0.1282	0.1396	0.1663	0.187	0.1888	0.1789	0.1972	0.2474	0.2113	0.1847	0.06038293	0.12339093	0.08303434	-0.16509284
32.5	17.5	77.86270023128223	29.82740256290487	0.0942	0.1112	0.1392	0.1562	0.1663	0.187	0.1888	0.2014	0.1972	0.2474	0.2113	0.1847	0.05059214	0.12639818	0.02398838	-0.18261889
29.5	18.5	77.8624235121979	29.827310323210092	0.0937	0.0933	0.1254	0.1378	0.1658	0.1925	0.2036	0.2155	0.2082	0.2474	0.2306	0.1914	0.027842112	0.21992643	0.03384892	-0.26430035
30.5	18.5	77.86251575189269	29.827310323210092	0.0937	0.1122	0.1418	0.1518	0.1658	0.1925	0.2036	0.1924	0.2082	0.2474	0.2306	0.1914	0.056572843	0.11795464	0.09030735	-0.15140632
31.5	18.5	77.86260799158747	29.827310323210092	0.0942	0.1086	0.1276	0.1426	0.1663	0.187	0.1888	0.1768	0.1972	0.2474	0.2113	0.1847	0.06257032	0.10707576	0.08889462	-0.16162944
32.5	18.5	77.86270023128223	29.827310323210092	0.0942	0.1066	0.1332	0.1456	0.1663	0.187	0.1888	0.1854	0.1972	0.2474	0.2113	0.1847	0.055999823	0.12024166	0.06528865	-0.16384177
30.5	19.5	77.86251575189269	29.827218083515316	0.0866	0.0974	0.1238	0.135	0.1676	0.2084	0.2159	0.2078	0.2446	0.2474	0.2395	0.195	0.03561678	0.21236871	0.07086966	-0.25331724
31.5	19.5	77.86260799158747	29.827218083515316	0.088	0.1158	0.13	0.151	0.1703	0.1983	0.2131	0.2005	0.2138	0.2474	0.2164	0.1867	0.054876614	0.14082505	0.038138647	-0.21331318
32.5	19.5	77.86270023128223	29.827218083515316	0.088	0.0961	0.1226	0.1356	0.1703	0.1983	0.2131	0.175	0.2138	0.2474	0.2164	0.1867	0.053362623	0.12685125	0.10577415	-0.17607528
33.5	19.5	77.86279247097701	29.827218083515316	0.0871	0.1126	0.1338	0.15	0.1686	0.1951	0.2031	0.1974	0.2186	0.2506	0.2198	0.1877	0.05403302	0.13644212	0.053691257	-0.192029
32.5	20.5	77.86270023128223	29.82712584382054	0.088	0.1102	0.1304	0.1476	0.1703	0.1983	0.2131	0.1885	0.2138	0.2474	0.2164	0.1867	0.05717109	0.12169	0.06890589	-0.18218878
33.5	20.5	77.86279247097701	29.82712584382054	0.0871	0.1072	0.1288	0.1448	0.1686	0.1951	0.2031	0.186	0.2186	0.2506	0.2198	0.1877	0.056147236	0.12454654	0.08329224	-0.18170266
33.5	21.5	77.86279247097701	29.827033604125763	0.0804	0.1072	0.1312	0.141	0.1569	0.177	0.1858	0.1824	0.1953	0.2521	0.2002	0.1645	0.058211837	0.12801485	0.04652379	-0.16326532
34.5	21.5	77.86288471067179	29.827033604125763	0.0804	0.105	0.126	0.1374	0.1569	0.177	0.1858	0.1788	0.1953	0.2521	0.2002	0.1645	0.058474198	0.1309298	0.056464393	-0.17322834
33.5	22.5	77.86279247097701	29.826941364430986	0.0804	0.1116	0.1372	0.1458	0.1569	0.177	0.1858	0.1831	0.1953	0.2521	0.2002	0.1645	0.061414868	0.11340835	0.04461259	-0.14330316
34.5	22.5	77.86288471067179	29.826941364430986	0.0804	0.0993	0.1208	0.1358	0.1569	0.177	0.1858	0.173	0.1953	0.2521	0.2002	0.1645	0.057131063	0.120466284	0.07288321	-0.17767185
34.5	23.5	77.86288471067179	29.82684912473621	0.0756	0.1106	0.1316	0.1406	0.1605	0.2128	0.2215	0.193	0.2434	0.2521	0.2153	0.1638	0.05491802	0.15707436	0.05461668	-0.18915586
35.5	23.5	77.86297695036657	29.82684912473621	0.0782	0.0996	0.124	0.1386	0.1558	0.1935	0.2123	0.1912	0.201	0.2521	0.1952	0.1593	0.04693912	0.15949059	0.010351949	-0.21319799
35.5	24.5	77.86297695036657	29.826756885041434	0.0782	0.0982	0.1252	0.134	0.1558	0.1935	0.2123	0.1954	0.201	0.2521	0.1952	0.1593	0.043383542	0.1863995	-5.1204144E-4	-0.21896443
40.5	32.5	77.86343814884044	29.826018967483222	0.084	0.171	0.2046	0.2318	0.2486	0.2811	0.2929	0.2897	0.3035	0.3008	0.291	0.2406	0.048940253	0.11102588	0.0022386897	-0.17216264
41.5	32.5	77.86353038853522	29.826018967483222	0.084	0.171	0.2046	0.2318	0.2486	0.2811	0.2929	0.2897	0.3035	0.3008	0.291	0.2406	0.048940253	0.11102588	0.0022386897	-0.17216264
42.5	32.5	77.86362262823	29.826018967483222	0.0811	0.155	0.1888	0.1976	0.1782	0.2451	0.2633	0.282	0.267	0.3008	0.26	0.1988	0.040248998	0.17597997	-0.040590435	-0.19796091
40.5	33.5	77.86343814884044	29.825926727788445	0.087	0.1682	0.2022	0.2188	0.2035	0.259	0.2771	0.2876	0.2857	0.2932	0.2762	0.217	0.047850836	0.13586101	-0.020219961	-0.17435691
41.5	33.5	77.86353038853522	29.825926727788445	0.0878	0.1726	0.2094	0.2272	0.2415	0.2727	0.287	0.295	0.2997	0.2932	0.2895	0.2356	0.047211427	0.1298353	-0.009409733	-0.16970657
42.5	33.5	77.86362262823	29.825926727788445	0.0878	0.1726	0.2094	0.2272	0.2415	0.2727	0.287	0.295	0.2997	0.2932	0.2895	0.2356	0.047211427	0.1298353	-0.009409733	-0.16970657
41.5	34.5	77.86353038853522	29.82583448809367	0.0878	0.1802	0.209	0.232	0.2415	0.2727	0.287	0.2998	0.2997	0.2932	0.2895	0.2356	0.05068453	0.12749156	-0.017478382	-0.17845912
42.5	34.5	77.86362262823	29.82583448809367	0.0878	0.1802	0.209	0.232	0.2415	0.2727	0.287	0.2998	0.2997	0.2932	0.2895	0.2356	0.05068453	0.12749156	-0.017478382	-0.17845912
43.5	34.5	77.86371486792478	29.82583448809367	0.0878	0.1686	0.2144	0.2106	0.2415	0.2727	0.287	0.3029	0.2997	0.2932	0.2895	0.2356	0.03940397	0.1797468	-0.022619832	-0.1710806
41.5	35.5	77.86353038853522	29.825742248398893	0.0908	0.1682	0.2078	0.222	0.2511	0.2865	0.2995	0.299	0.305	0.2932	0.2872	0.2368	0.041312944	0.1477927	-0.020129634	-0.17995264
42.5	35.5	77.86362262823	29.825742248398893	0.0908	0.1682	0.2078	0.222	0.2511	0.2865	0.2995	0.299	0.305	0.2932	0.2872	0.2368	0.041312944	0.1477927	-0.020129634	-0.17995264
43.5	35.5	77.86371486792478	29.825742248398893	0.0908	0.1752	0.2064	0.2336	0.2511	0.2865	0.2995	0.3	0.305	0.2932	0.2872	0.2368	0.046473835	0.12443779	-0.021798378	-0.18483412
42.5	36.5	77.86362262823	29.825650008704116	0.0908	0.1382	0.1752	0.1852	0.2511	0.2865	0.2995	0.2796	0.305	0.2932	0.2872	0.2368	0.027862843	0.20309809	0.013408626	-0.22955143
43.5	36.5	77.86371486792478	29.825650008704116	0.0908	0.1748	0.2116	0.221	0.2511	0.2865	0.2995	0.2966	0.305	0.2932	0.2872	0.2368	0.048096046	0.14605875	-0.016101422	-0.167257
44.5	36.5	77.86380710761955	29.825650008704116	0.0844	0.1594	0.1926	0.2022	0.1927	0.2553	0.2748	0.2894	0.2939	0.2932	0.2755	0.2112	0.039609574	0.17738001	-0.024606146	-0.20082991
42.5	37.5	77.86362262823	29.82555776900934	0.0878	0.1614	0.2	0.2188	0.1996	0.2629	0.276	0.292	0.293	0.2932	0.2663	0.2078	0.039756887	0.14330463	-0.046032604	-0.18699186
43.5	37.5	77.86371486792478	29.82555776900934	0.0878	0.1614	0.2	0.2188	0.1996	0.2629	0.276	0.292	0.293	0.2932	0.2663	0.2078	0.039756887	0.14330463	-0.046032604	-0.18699186
44.5	37.5	77.86380710761955	29.82555776900934	0.0847	0.1726	0.2112	0.2184	0.2415	0.2833	0.2933	0.2912	0.3029	0.2932	0.2885	0.2311	0.049390715	0.14285716	-0.004657583	-0.15923569
44.5	38.5	77.86380710761955	29.825465529314563	0.0847	0.1638	0.2096	0.2326	0.2415	0.2833	0.2933	0.289	0.3029	0.2932	0.2885	0.2311	0.04344346	0.10812884	-8.657897E-4	-0.1592459
45.5	38.5	77.86389934731433	29.825465529314563	0.0847	0.1598	0.195	0.1992	0.2415	0.2833	0.2933	0.2889	0.3029	0.2932	0.2885	0.2311	0.040224012	0.18377379	-6.9272076E-4	-0.19404836
45.5	39.5	77.86389934731433	29.825373289619787	0.0819	0.1606	0.2082	0.233	0.2487	0.2864	0.2994	0.2967	0.3025	0.2904	0.2905	0.2416	0.036406074	0.12025676	-0.01055861	-0.17528225
45.5	40.5	77.86389934731433	29.82528104992501	0.0819	0.1864	0.2186	0.2366	0.2487	0.2864	0.2994	0.2998	0.3025	0.2904	0.2905	0.2416	0.055763572	0.11782254	-0.01575474	-0.1566358
48.5	46.5	77.86417606639866	29.82472761175635	0.0728	0.1114	0.134	0.1396	0.1588	0.2241	0.2459	0.2126	0.2545	0.2668	0.2391	0.1826	0.044332784	0.2072686	0.05866726	-0.22677435
48.5	47.5	77.86417606639866	29.824635372061575	0.0706	0.1148	0.1388	0.1486	0.1534	0.1936	0.207	0.1932	0.2241	0.2668	0.2131	0.1632	0.058243956	0.1304857	0.04897857	-0.16385546
48.5	48.5	77.86417606639866	29.8245431323668	0.0706	0.105	0.1266	0.1382	0.1534	0.1936	0.207	0.1838	0.2241	0.2668	0.2131	0.1632	0.0556067	0.1416149	0.07382213	-0.18427835
49.5	49.5	77.86426830609344	29.824450892672022	0.0731	0.0994	0.1252	0.1296	0.1551	0.1875	0.2013	0.192	0.2232	0.2668	0.2091	0.1614	0.04631648	0.19402984	0.04263274	-0.21059267
49.5	50.5	77.86426830609344	29.824358652977246	0.0731	0.1136	0.1322	0.137	0.1551	0.1875	0.2013	0.1941	0.2232	0.2668	0.2091	0.1614	0.056744765	0.17245549	0.037202347	-0.18970273
50.5	51.5	77.86436054578822	29.82426641328247	0.0735	0.134	0.1604	0.1798	0.1731	0.2265	0.2401	0.2424	0.2553	0.2654	0.2395	0.1921	0.0457564	0.14827096	-0.006017855	-0.20357497
50.5	52.5	77.86436054578822	29.824174173587693	0.0735	0.1592	0.1872	0.2004	0.1731	0.2265	0.2401	0.2525	0.2553	0.2654	0.2395	0.1921	0.060607888	0.11503644	-0.026422758	-0.14851035
50.5	53.5	77.86436054578822	29.824081933892916	0.0776	0.1646	0.1976	0.216	0.2201	0.2508	0.264	0.259	0.2797	0.2654	0.2665	0.2206	0.061303817	0.09052631	0.014272108	-0.13447218
56.5	75.5	77.86491398395687	29.822052660607834	0.0941	0.1914	0.2246	0.2424	0.277	0.2955	0.3064	0.3032	0.3106	0.2772	0.3075	0.2823	0.057909682	0.11143695	0.0070410976	-0.14892004
57.5	75.5	77.86500622365165	29.822052660607834	0.0941	0.1876	0.2298	0.2536	0.277	0.2955	0.3064	0.3013	0.3106	0.2772	0.3075	0.2823	0.055886377	0.08596142	0.010183994	-0.13462622
56.5	76.5	77.86491398395687	29.821960420913058	0.0941	0.1788	0.2246	0.2452	0.277	0.2955	0.3064	0.2952	0.3106	0.2772	0.3075	0.2823	0.052175768	0.09252405	0.020408187	-0.13582145
57.5	76.5	77.86500622365165	29.821960420913058	0.0941	0.1886	0.216	0.2396	0.277	0.2955	0.3064	0.2955	0.3106	0.2772	0.3075	0.2823	0.06003187	0.10446647	0.019900488	-0.15542522
56.5	77.5	77.86491398395687	29.82186818121828	0.0941	0.1866	0.2094	0.2274	0.2612	0.2845	0.2946	0.283	0.2962	0.2772	0.2987	0.2731	0.065562226	0.10893414	0.02698988	-0.14947197
57.5	77.5	77.86500622365165	29.82186818121828	0.0941	0.172	0.215	0.231	0.2612	0.2845	0.2946	0.2894	0.2962	0.2772	0.2987	0.2731	0.0499315	0.112221375	0.015813626	-0.14750199
58.5	77.5	77.86509846334643	29.82186818121828	0.0952	0.2	0.2332	0.2504	0.2515	0.2883	0.299	0.2969	0.3065	0.2911	0.2994	0.2637	0.06856785	0.08496254	0.0041925167	-0.12016602
57.5	78.5	77.86500622365165	29.821775941523505	0.0941	0.1696	0.2058	0.2252	0.2612	0.2845	0.2946	0.2862	0.2962	0.2772	0.2987	0.2731	0.049800623	0.11928039	0.021371206	-0.16341461
58.5	78.5	77.86509846334643	29.821775941523505	0.0952	0.199	0.2342	0.2558	0.2515	0.2883	0.299	0.2994	0.3065	0.2911	0.2994	0.2637	0.0663149	0.078530245	0.0	-0.1221889
57.5	79.5	77.86500622365165	29.82168370182873	0.0899	0.1886	0.215	0.236	0.2468	0.2806	0.289	0.2902	0.292	0.2772	0.2908	0.2661	0.06307142	0.10300265	0.0010327197	-0.14885192
58.5	79.5	77.86509846334643	29.82168370182873	0.0935	0.1758	0.2238	0.2458	0.2588	0.2819	0.2986	0.2974	0.3011	0.2911	0.2998	0.2647	0.048456457	0.09499262	0.0040187724	-0.14121257
59.5	79.5	77.86519070304121	29.82168370182873	0.0935	0.1788	0.21	0.2292	0.2588	0.2819	0.2986	0.2893	0.3011	0.2911	0.2998	0.2647	0.055559415	0.11591126	0.017823823	-0.15882236
57.5	80.5	77.86500622365165	29.821591462133952	0.0899	0.1842	0.228	0.243	0.2468	0.2806	0.289	0.2898	0.292	0.2772	0.2908	0.2661	0.05969635	0.087837815	0.0017223854	-0.11935108
58.5	80.5	77.86509846334643	29.821591462133952	0.0935	0.1692	0.2044	0.226	0.2588	0.2819	0.2986	0.2874	0.3011	0.2911	0.2998	0.2647	0.04878474	0.11959488	0.021117168	-0.1687678
59.5	80.5	77.86519070304121	29.821591462133952	0.0935	0.1874	0.2254	0.2438	0.2588	0.2819	0.2986	0.2873	0.3011	0.2911	0.2998	0.2647	0.06375153	0.08190546	0.021291122	-0.12073336
57.5	81.5	77.86500622365165	29.821499222439176	0.0832	0.1776	0.1908	0.2074	0.2037	0.2477	0.255	0.2684	0.2663	0.2793	0.2591	0.2249	0.06656251	0.12820517	-0.017630376	-0.16898958
58.5	81.5	77.86509846334643	29.821499222439176	0.0891	0.1606	0.195	0.216	0.2331	0.2541	0.2541	0.2744	0.2635	0.271	0.2669	0.2354	0.04919513	0.11908644	-0.01385552	-0.16915213
59.5	81.5	77.86519070304121	29.821499222439176	0.0891	0.193	0.2244	0.2446	0.2331	0.2541	0.2541	0.2868	0.2635	0.271	0.2669	0.2354	0.06862581	0.07941287	-0.03594003	-0.12206572
58.5	82.5	77.86509846334643	29.8214069827444	0.0891	0.1224	0.1634	0.1804	0.2331	0.2541	0.2541	0.2302	0.2635	0.271	0.2669	0.2354	0.043250386	0.12128591	0.07382823	-0.16971545
59.5	82.5	77.86519070304121	29.8214069827444	0.0891	0.162	0.1938	0.214	0.2331	0.2541	0.2541	0.2524	0.2635	0.271	0.2669	0.2354	0.06295899	0.08233278	0.027922187	-0.13133125
60.5	82.5	77.86528294273597	29.8214069827444	0.0893	0.1418	0.181	0.1992	0.2051	0.2467	0.2559	0.2587	0.2724	0.271	0.2753	0.2351	0.042798102	0.12994105	0.03108611	-0.17671144
58.5	83.5	77.86509846334643	29.821314743049623	0.0857	0.1036	0.1262	0.1362	0.1818	0.2009	0.2148	0.1936	0.2138	0.271	0.2264	0.1891	0.048839524	0.17404489	0.07809525	-0.2107567
59.5	83.5	77.86519070304121	29.821314743049623	0.0857	0.1178	0.1422	0.1554	0.1818	0.2009	0.2148	0.2006	0.2138	0.271	0.2264	0.1891	0.056457657	0.12696631	0.060421556	-0.17036174
60.5	83.5	77.86528294273597	29.821314743049623	0.0882	0.1266	0.1606	0.1774	0.1902	0.2132	0.2306	0.2216	0.2379	0.271	0.241	0.2017	0.05162312	0.11077695	0.04193688	-0.15960227
58.5	84.5	77.86509846334643	29.821222503354846	0.0857	0.1068	0.1256	0.1436	0.1818	0.2009	0.2148	0.1908	0.2138	0.271	0.2264	0.1891	0.05306676	0.14114831	0.08533079	-0.20606828
59.5	84.5	77.86519070304121	29.821222503354846	0.0857	0.11	0.1296	0.1434	0.1818	0.2009	0.2148	0.1957	0.2138	0.271	0.2264	0.1891	0.05287805	0.1542318	0.07273158	-0.20319705
60.5	84.5	77.86528294273597	29.821222503354846	0.0882	0.1154	0.1388	0.1548	0.1902	0.2132	0.2306	0.2002	0.2379	0.271	0.241	0.2017	0.05472098	0.12788735	0.09247504	-0.18112098
59.5	85.5	77.86519070304121	29.82113026366007	0.0855	0.139	0.1688	0.1814	0.2196	0.2577	0.2634	0.242	0.269	0.271	0.2509	0.2144	0.0500818	0.14312705	0.018056404	-0.1781889
60.5	85.5	77.86528294273597	29.82113026366007	0.0911	0.1262	0.1522	0.1656	0.2011	0.2417	0.2516	0.2163	0.2594	0.271	0.2516	0.2144	0.054334998	0.13275725	0.07544348	-0.17394844
83.5	147.5	77.86740445571584	29.815411402583926	0.0769	0.174	0.1974	0.2204	0.2093	0.2577	0.2741	0.28	0.2771	0.2767	0.261	0.2148	0.056960795	0.119104706	-0.035120137	-0.17302053
84.5	147.5	77.86749669541062	29.815411402583926	0.0769	0.1444	0.1836	0.194	0.2093	0.2577	0.2741	0.2697	0.2771	0.2767	0.261	0.2148	0.038619537	0.16325207	-0.016393412	-0.18994044
83.5	148.5	77.86740445571584	29.81531916288915	0.0784	0.1498	0.191	0.1998	0.2257	0.261	0.2742	0.2688	0.2844	0.2767	0.2708	0.2215	0.04355937	0.1472471	0.0037064569	-0.16920398
84.5	148.5	77.86749669541062	29.81531916288915	0.0784	0.1766	0.2018	0.2144	0.2257	0.261	0.2742	0.284	0.2844	0.2767	0.2708	0.2215	0.05679671	0.1396469	-0.023792384	-0.16920544
85.5	148.5	77.86758893510539	29.81531916288915	0.0794	0.1618	0.1748	0.1908	0.215	0.2549	0.267	0.274	0.2815	0.2767	0.2605	0.2079	0.050407562	0.1790017	-0.025257204	-0.22103387
86.5	148.5	77.86768117480017	29.81531916288915	0.0794	0.0901	0.1162	0.123	0.215	0.2549	0.267	0.2412	0.2815	0.2767	0.2605	0.2079	0.010481718	0.32454693	0.038469233	-0.3497482
84.5	149.5	77.86749669541062	29.815226923194373	0.0784	0.1522	0.1944	0.204	0.2257	0.261	0.2742	0.2674	0.2844	0.2767	0.2708	0.2215	0.04632834	0.13449301	0.0063173505	-0.15807709
85.5	149.5	77.86758893510539	29.815226923194373	0.0794	0.1622	0.213	0.2214	0.215	0.2549	0.267	0.277	0.2815	0.2767	0.2605	0.2079	0.049014736	0.111557014	-0.030697666	-0.13061227
86.5	149.5	77.86768117480017	29.815226923194373	0.0794	0.1572	0.1866	0.1908	0.215	0.2549	0.267	0.2768	0.2815	0.2767	0.2605	0.2079	0.045033433	0.1839179	-0.030336855	-0.19464827
87.5	149.5	77.86777341449495	29.815226923194373	0.0794	0.1572	0.1866	0.1908	0.215	0.2549	0.267	0.2768	0.2815	0.2767	0.2605	0.2079	0.045033433	0.1839179	-0.030336855	-0.19464827
84.5	150.5	77.86749669541062	29.815134683499597	0.0716	0.1134	0.1424	0.1442	0.1591	0.2385	0.2633	0.2568	0.2791	0.2767	0.2474	0.1753	0.02062248	0.28079802	-0.018643387	-0.28657314
85.5	150.5	77.86758893510539	29.815134683499597	0.0754	0.1618	0.1808	0.2002	0.2142	0.2576	0.2749	0.2656	0.2779	0.2767	0.2647	0.2155	0.05522496	0.14040358	-0.0016971532	-0.18996413
86.5	150.5	77.86768117480017	29.815134683499597	0.0754	0.1722	0.2016	0.2238	0.2142	0.2576	0.2749	0.2786	0.2779	0.2767	0.2647	0.2155	0.056289133	0.10907644	-0.025584413	-0.16034986
87.5	150.5	77.86777341449495	29.815134683499597	0.0732	0.1486	0.1932	0.1988	0.2125	0.247	0.2607	0.2754	0.2687	0.2767	0.2531	0.2042	0.03879121	0.16153525	-0.0421949	-0.17541614
86.5	151.5	77.86768117480017	29.81504244380482	0.0754	0.1472	0.1868	0.1854	0.2142	0.2576	0.2749	0.2614	0.2779	0.2767	0.2647	0.2155	0.045673333	0.17009851	0.0062725362	-0.16644357
87.5	151.5	77.86777341449495	29.81504244380482	0.0732	0.1722	0.1982	0.2042	0.2125	0.247	0.2607	0.2728	0.2687	0.2767	0.2531	0.2042	0.059615437	0.14381552	-0.037459575	-0.15838641
87.5	152.5	77.86777341449495	29.814950204110044	0.0707	0.1368	0.1736	0.1824	0.2008	0.2558	0.2718	0.2646	0.2813	0.2792	0.2586	0.206	0.03531846	0.18389262	-0.011467913	-0.20766774
104.5	159.5	77.86934148930615	29.81430452624661	0.0738	0.1662	0.1864	0.2036	0.2153	0.2432	0.2604	0.2656	0.2649	0.2591	0.2656	0.2209	0.05882944	0.13213979	0.0	-0.17522123
105.5	159.5	77.86943372900092	29.81430452624661	0.074	0.1748	0.1968	0.2062	0.2052	0.2413	0.2602	0.2721	0.2581	0.2591	0.2508	0.2034	0.062146805	0.13777962	-0.040734343	-0.16058864
106.5	159.5	77.8695259686957	29.81430452624661	0.074	0.1716	0.193	0.2006	0.2052	0.2413	0.2602	0.2692	0.2581	0.2591	0.2508	0.2034	0.06118852	0.14601958	-0.035384584	-0.16486368
107.5	159.5	77.86961820839048	29.81430452624661	0.0731	0.1578	0.1812	0.1874	0.1778	0.2282	0.2431	0.2598	0.2513	0.2591	0.2303	0.1829	0.05527447	0.16189623	-0.060191784	-0.17823127
108.5	159.5	77.86971044808526	29.81430452624661	0.0731	0.1578	0.1812	0.1874	0.1778	0.2282	0.2431	0.2598	0.2513	0.2591	0.2303	0.1829	0.05527447	0.16189623	-0.060191784	-0.17823127
104.5	160.5	77.86934148930615	29.814212286551832	0.073	0.1162	0.145	0.1646	0.1719	0.2215	0.24	0.2512	0.2638	0.2591	0.2696	0.2095	0.026127845	0.20827319	0.035330288	-0.26804644
105.5	160.5	77.86943372900092	29.814212286551832	0.0757	0.1398	0.1702	0.1888	0.1963	0.2384	0.2501	0.2564	0.2666	0.2591	0.2752	0.2254	0.042478763	0.15184183	0.035364974	-0.20206279
106.5	160.5	77.8695259686957	29.814212286551832	0.0757	0.1602	0.1836	0.2054	0.1963	0.2384	0.2501	0.2614	0.2666	0.2591	0.2752	0.2254	0.056322932	0.11996574	0.02571747	-0.17483151
107.5	160.5	77.86961820839048	29.814212286551832	0.0758	0.1662	0.1846	0.2128	0.2124	0.2425	0.258	0.2542	0.2745	0.2591	0.2597	0.2219	0.06536733	0.088650994	0.010702449	-0.15861444
108.5	160.5	77.86971044808526	29.814212286551832	0.0758	0.1704	0.1832	0.2082	0.2124	0.2425	0.258	0.2592	0.2745	0.2591	0.2597	0.2219	0.06594047	0.10911428	9.635644E-4	-0.17179024
109.5	160.5	77.86980268778002	29.814212286551832	0.0758	0.1704	0.1832	0.2082	0.2124	0.2425	0.258	0.2592	0.2745	0.2591	0.2597	0.2219	0.06594047	0.10911428	9.635644E-4	-0.17179024
