Pixel-X	Pixel-Y	Longitude	Latitude	B1	B2	B3	B4	B5	B6	B7	B8	B8A	B9	B11	B12	PISI	NDVI	NDBI	NDWI
44.5	7.5	77.86380710761955	29.828324959852633	0.043	0.057	0.1046	0.0681	0.1463	0.2825	0.3088	0.3331	0.3296	0.3278	0.2039	0.1123	-0.06933845	0.66051847	-0.2405959	-0.52204704
45.5	7.5	77.86389934731433	29.828324959852633	0.043	0.057	0.1046	0.0681	0.1463	0.2825	0.3088	0.3331	0.3296	0.3278	0.2039	0.1123	-0.06933845	0.66051847	-0.2405959	-0.52204704
43.5	8.5	77.86371486792478	29.828232720157857	0.048	0.0566	0.1048	0.0702	0.1626	0.3104	0.3447	0.3452	0.355	0.3278	0.209	0.1144	-0.076605484	0.6620125	-0.24575964	-0.53422225
44.5	8.5	77.86380710761955	29.828232720157857	0.0471	0.0588	0.1074	0.0694	0.1659	0.3139	0.338	0.3509	0.3459	0.3278	0.2135	0.1184	-0.07807218	0.6697597	-0.24344437	-0.53131133
45.5	8.5	77.86389934731433	29.828232720157857	0.0471	0.0588	0.1074	0.0694	0.1659	0.3139	0.338	0.3509	0.3459	0.3278	0.2135	0.1184	-0.07807218	0.6697597	-0.24344437	-0.53131133
46.5	8.5	77.86399158700911	29.828232720157857	0.0471	0.0574	0.1052	0.0674	0.1659	0.3139	0.338	0.326	0.3459	0.3278	0.2135	0.1184	-0.064938925	0.6573462	-0.20852643	-0.5120594
42.5	9.5	77.86362262823	29.82814048046308	0.048	0.0538	0.1066	0.0677	0.1626	0.3104	0.3447	0.35	0.355	0.3278	0.209	0.1144	-0.08165204	0.6758439	-0.25223613	-0.5330705
43.5	9.5	77.86371486792478	29.82814048046308	0.048	0.056	0.11	0.0687	0.1626	0.3104	0.3447	0.338	0.355	0.3278	0.209	0.1144	-0.0729678	0.66215885	-0.2358318	-0.5089286
44.5	9.5	77.86380710761955	29.82814048046308	0.0471	0.0549	0.1028	0.0683	0.1659	0.3139	0.338	0.3345	0.3459	0.3278	0.2135	0.1184	-0.07186168	0.6608739	-0.22080296	-0.52984226
45.5	9.5	77.86389934731433	29.82814048046308	0.0471	0.0549	0.1028	0.0683	0.1659	0.3139	0.338	0.3345	0.3459	0.3278	0.2135	0.1184	-0.07186168	0.6608739	-0.22080296	-0.52984226
46.5	9.5	77.86399158700911	29.82814048046308	0.0471	0.0566	0.1026	0.0698	0.1659	0.3139	0.338	0.3344	0.3459	0.3278	0.2135	0.1184	-0.070411675	0.6546264	-0.22066072	-0.5304348
41.5	10.5	77.86353038853522	29.828048240768304	0.0564	0.0555	0.1058	0.0668	0.1634	0.3018	0.3314	0.3465	0.3485	0.2974	0.2147	0.124	-0.07825215	0.67674816	-0.2348539	-0.5321689
42.5	10.5	77.86362262823	29.828048240768304	0.0544	0.0526	0.1062	0.0689	0.1699	0.3053	0.3268	0.3344	0.3514	0.2974	0.2157	0.1193	-0.07368848	0.6583189	-0.21577895	-0.5179301
43.5	10.5	77.86371486792478	29.828048240768304	0.0544	0.0579	0.1078	0.0672	0.1699	0.3053	0.3268	0.324	0.3514	0.2974	0.2157	0.1193	-0.06338232	0.65644175	-0.20066704	-0.50069475
44.5	10.5	77.86380710761955	29.828048240768304	0.053	0.0568	0.1026	0.0633	0.1656	0.2895	0.3233	0.3265	0.3295	0.2974	0.228	0.1326	-0.06571719	0.67521805	-0.1776375	-0.5217898
45.5	10.5	77.86389934731433	29.828048240768304	0.053	0.0536	0.1036	0.0692	0.1656	0.2895	0.3233	0.3309	0.3295	0.2974	0.228	0.1326	-0.07086204	0.6540865	-0.18411167	-0.52313006
46.5	10.5	77.86399158700911	29.828048240768304	0.053	0.0536	0.1036	0.0692	0.1656	0.2895	0.3233	0.3309	0.3295	0.2974	0.228	0.1326	-0.07086204	0.6540865	-0.18411167	-0.52313006
42.5	11.5	77.86362262823	29.827956001073527	0.0544	0.0588	0.105	0.0677	0.1699	0.3053	0.3268	0.3216	0.3514	0.2974	0.2157	0.1193	-0.061268635	0.6521962	-0.19709657	-0.5077356
43.5	11.5	77.86371486792478	29.827956001073527	0.0544	0.059	0.1066	0.0683	0.1699	0.3053	0.3268	0.3271	0.3514	0.2974	0.2157	0.1193	-0.06425905	0.65452707	-0.20523214	-0.50841594
43.5	12.5	77.86371486792478	29.82786376137875	0.0597	0.0568	0.1036	0.0722	0.1487	0.2703	0.2901	0.2975	0.3074	0.2974	0.2216	0.1371	-0.0490857	0.609413	-0.14621463	-0.4834206
12.5	57.5	77.8608554373867	29.82371297511381	0.0386	0.0409	0.0597	0.0463	0.0881	0.2425	0.2904	0.2832	0.3031	0.309	0.1515	0.0774	-0.053909916	0.7189681	-0.30296755	-0.65179354
10.5	58.5	77.86067095799716	29.823620735419034	0.0339	0.0396	0.0586	0.0454	0.0916	0.2495	0.2888	0.2862	0.3007	0.3004	0.1338	0.0667	-0.056695372	0.7261761	-0.36285713	-0.6600928
11.5	58.5	77.86076319769194	29.823620735419034	0.0339	0.0396	0.0586	0.0454	0.0916	0.2495	0.2888	0.2862	0.3007	0.3004	0.1338	0.0667	-0.056695372	0.7261761	-0.36285713	-0.6600928
12.5	58.5	77.8608554373867	29.823620735419034	0.0364	0.0385	0.0623	0.0457	0.0904	0.2433	0.292	0.2862	0.309	0.309	0.141	0.0715	-0.057596494	0.7246159	-0.33988762	-0.6424677
13.5	58.5	77.86094767708148	29.823620735419034	0.0364	0.0407	0.06	0.0479	0.0904	0.2433	0.292	0.2832	0.309	0.309	0.141	0.0715	-0.05407376	0.7106614	-0.33521923	-0.6503497
8.5	59.5	77.8604864786076	29.823528495724258	0.0329	0.0392	0.0581	0.0431	0.0907	0.2474	0.287	0.2901	0.2997	0.3004	0.1315	0.0667	-0.059259713	0.7412965	-0.37618595	-0.6662837
9.5	59.5	77.86057871830238	29.823528495724258	0.0339	0.0368	0.0594	0.0426	0.0916	0.2495	0.2888	0.2856	0.3007	0.3004	0.1338	0.0667	-0.058645044	0.7404022	-0.36194566	-0.65565217
10.5	59.5	77.86067095799716	29.823528495724258	0.0339	0.0382	0.0624	0.0447	0.0916	0.2495	0.2888	0.2868	0.3007	0.3004	0.1338	0.0667	-0.05818636	0.73031676	-0.36376604	-0.6426117
11.5	59.5	77.86076319769194	29.823528495724258	0.0339	0.0382	0.0624	0.0447	0.0916	0.2495	0.2888	0.2868	0.3007	0.3004	0.1338	0.0667	-0.05818636	0.73031676	-0.36376604	-0.6426117
12.5	59.5	77.8608554373867	29.823528495724258	0.0364	0.0364	0.0594	0.0428	0.0904	0.2433	0.292	0.2912	0.309	0.309	0.141	0.0715	-0.062184326	0.7437126	-0.34752432	-0.6611523
13.5	59.5	77.86094767708148	29.823528495724258	0.0364	0.0395	0.0602	0.0444	0.0904	0.2433	0.292	0.2874	0.309	0.309	0.141	0.0715	-0.0574655	0.7323689	-0.3417367	-0.6536249
14.5	59.5	77.86103991677626	29.823528495724258	0.0402	0.0372	0.0616	0.0454	0.0893	0.2449	0.2885	0.2928	0.3148	0.309	0.1534	0.0787	-0.062446564	0.7315198	-0.31241596	-0.6523702
7.5	60.5	77.86039423891283	29.82343625602948	0.0321	0.0383	0.0614	0.047	0.0909	0.2449	0.2845	0.2867	0.3048	0.3004	0.1394	0.0712	-0.058047097	0.7183099	-0.3456935	-0.6472278
8.5	60.5	77.8604864786076	29.82343625602948	0.0321	0.0396	0.06	0.0446	0.0909	0.2449	0.2845	0.2958	0.3048	0.3004	0.1394	0.0712	-0.062200982	0.73795533	-0.35937497	-0.6627319
9.5	60.5	77.86057871830238	29.82343625602948	0.0328	0.037	0.0596	0.0413	0.0904	0.2489	0.2914	0.292	0.311	0.3004	0.1323	0.0655	-0.062151596	0.7521752	-0.37638462	-0.6609784
10.5	60.5	77.86067095799716	29.82343625602948	0.0328	0.0382	0.061	0.0437	0.0904	0.2489	0.2914	0.2886	0.311	0.3004	0.1323	0.0655	-0.05921866	0.73698467	-0.3713471	-0.65102977
11.5	60.5	77.86076319769194	29.82343625602948	0.0328	0.0382	0.061	0.0437	0.0904	0.2489	0.2914	0.2886	0.311	0.3004	0.1323	0.0655	-0.05921866	0.73698467	-0.3713471	-0.65102977
12.5	60.5	77.8608554373867	29.82343625602948	0.0344	0.0385	0.0598	0.0418	0.0896	0.2523	0.2993	0.295	0.3106	0.309	0.1332	0.0651	-0.06264329	0.75178146	-0.37786078	-0.6629087
13.5	60.5	77.86094767708148	29.82343625602948	0.0344	0.0359	0.0613	0.0438	0.0896	0.2523	0.2993	0.3002	0.3106	0.309	0.1332	0.0651	-0.06775541	0.7453488	-0.3853253	-0.66085756
14.5	60.5	77.86103991677626	29.82343625602948	0.0377	0.0392	0.0596	0.0438	0.0911	0.2533	0.2947	0.305	0.3104	0.309	0.1443	0.0713	-0.067804866	0.7488532	-0.3576675	-0.6730664
6.5	61.5	77.86030199921805	29.823344016334705	0.0321	0.0398	0.0605	0.0475	0.0898	0.2483	0.2956	0.2886	0.3069	0.3004	0.1453	0.0756	-0.05790794	0.717346	-0.33026043	-0.65339446
7.5	61.5	77.86039423891283	29.823344016334705	0.0321	0.0409	0.0624	0.0466	0.0909	0.2449	0.2845	0.285	0.3048	0.3004	0.1394	0.0712	-0.054942217	0.71893847	-0.34307256	-0.64075994
8.5	61.5	77.8604864786076	29.823344016334705	0.0321	0.0349	0.0624	0.0454	0.0909	0.2449	0.2845	0.289	0.3048	0.3004	0.1394	0.0712	-0.062151425	0.7284689	-0.34920633	-0.6448492
9.5	61.5	77.86057871830238	29.823344016334705	0.0328	0.0354	0.0608	0.0432	0.0904	0.2489	0.2914	0.2918	0.311	0.3004	0.1323	0.0655	-0.063347615	0.74208957	-0.37609053	-0.6551333
10.5	61.5	77.86067095799716	29.823344016334705	0.0328	0.0382	0.0578	0.0429	0.0904	0.2489	0.2914	0.2923	0.311	0.3004	0.1323	0.0655	-0.061340604	0.7440334	-0.3768252	-0.6698086
11.5	61.5	77.86076319769194	29.823344016334705	0.0328	0.0382	0.0578	0.0429	0.0904	0.2489	0.2914	0.2923	0.311	0.3004	0.1323	0.0655	-0.061340604	0.7440334	-0.3768252	-0.6698086
12.5	61.5	77.8608554373867	29.823344016334705	0.0344	0.038	0.0598	0.0428	0.0896	0.2523	0.2993	0.2944	0.3106	0.309	0.1332	0.0651	-0.0627088	0.7461447	-0.37698784	-0.66233766
13.5	61.5	77.86094767708148	29.823344016334705	0.0344	0.0352	0.0615	0.0432	0.0896	0.2523	0.2993	0.2956	0.3106	0.309	0.1332	0.0651	-0.065690756	0.7449823	-0.3787313	-0.65555865
14.5	61.5	77.86103991677626	29.823344016334705	0.0377	0.0319	0.0598	0.0438	0.0911	0.2533	0.2947	0.2984	0.3104	0.309	0.1443	0.0713	-0.069999926	0.7440094	-0.34809127	-0.6661083
6.5	62.5	77.86030199921805	29.82325177663993	0.0318	0.0403	0.0568	0.043	0.0864	0.2491	0.2912	0.2864	0.3071	0.3261	0.1466	0.0764	-0.056236636	0.73891926	-0.32286376	-0.66899765
7.5	62.5	77.86039423891283	29.82325177663993	0.032	0.041	0.062	0.0463	0.0907	0.2369	0.2778	0.2692	0.292	0.3261	0.1449	0.0747	-0.045799	0.7064976	-0.30016905	-0.62560385
8.5	62.5	77.8604864786076	29.82325177663993	0.032	0.0397	0.0646	0.048	0.0907	0.2369	0.2778	0.2696	0.292	0.3261	0.1449	0.0747	-0.04709336	0.697733	-0.3008444	-0.61340517
9.5	62.5	77.86057871830238	29.82325177663993	0.0325	0.0406	0.0618	0.0468	0.0911	0.2561	0.2991	0.2806	0.3095	0.3261	0.1412	0.0707	-0.052664585	0.7141112	-0.33048838	-0.6390187
10.5	62.5	77.86067095799716	29.82325177663993	0.0325	0.038	0.0568	0.0412	0.0911	0.2561	0.2991	0.294	0.3095	0.3261	0.1412	0.0707	-0.0624794	0.7541766	-0.35110292	-0.67616874
11.5	62.5	77.86076319769194	29.82325177663993	0.033	0.0322	0.0584	0.0425	0.0902	0.2525	0.2959	0.2924	0.3079	0.3429	0.1372	0.0681	-0.06631316	0.7461929	-0.36126631	-0.6670467
12.5	62.5	77.8608554373867	29.82325177663993	0.033	0.0322	0.0584	0.0425	0.0902	0.2525	0.2959	0.2924	0.3079	0.3429	0.1372	0.0681	-0.06631316	0.7461929	-0.36126631	-0.6670467
13.5	62.5	77.86094767708148	29.82325177663993	0.033	0.0367	0.0586	0.0434	0.0902	0.2525	0.2959	0.2889	0.3079	0.3429	0.1372	0.0681	-0.060619503	0.7387902	-0.3560197	-0.6627338
14.5	62.5	77.86103991677626	29.82325177663993	0.0349	0.037	0.0592	0.0421	0.0915	0.2497	0.2933	0.2858	0.3094	0.3429	0.1434	0.0701	-0.058595907	0.74321437	-0.33178008	-0.6568116
6.5	63.5	77.86030199921805	29.823159536945152	0.0318	0.0389	0.0613	0.047	0.0864	0.2491	0.2912	0.2789	0.3071	0.3261	0.1466	0.0764	-0.05308227	0.711568	-0.31092834	-0.63962376
7.5	63.5	77.86039423891283	29.823159536945152	0.032	0.0381	0.0606	0.0459	0.0907	0.2369	0.2778	0.2734	0.292	0.3261	0.1449	0.0747	-0.050583385	0.7124961	-0.3071958	-0.63712573
8.5	63.5	77.8604864786076	29.823159536945152	0.032	0.0373	0.06	0.0454	0.0907	0.2369	0.2778	0.2736	0.292	0.3261	0.1449	0.0747	-0.051353447	0.7153605	-0.30752692	-0.6402878
9.5	63.5	77.86057871830238	29.823159536945152	0.0325	0.0381	0.0604	0.0458	0.0911	0.2561	0.2991	0.291	0.3095	0.3261	0.1412	0.0707	-0.060676984	0.72802854	-0.3465988	-0.65623224
10.5	63.5	77.86067095799716	29.823159536945152	0.0325	0.0398	0.0597	0.0456	0.0911	0.2561	0.2991	0.304	0.3095	0.3261	0.1412	0.0707	-0.066739835	0.73913044	-0.3656783	-0.67170745
11.5	63.5	77.86076319769194	29.823159536945152	0.033	0.0374	0.0614	0.0436	0.0902	0.2525	0.2959	0.2964	0.3079	0.3429	0.1372	0.0681	-0.06434733	0.74352944	-0.36715868	-0.6567915
12.5	63.5	77.8608554373867	29.823159536945152	0.033	0.0374	0.0614	0.0436	0.0902	0.2525	0.2959	0.2964	0.3079	0.3429	0.1372	0.0681	-0.06434733	0.74352944	-0.36715868	-0.6567915
13.5	63.5	77.86094767708148	29.823159536945152	0.033	0.0393	0.0582	0.042	0.0902	0.2525	0.2959	0.2831	0.3079	0.3429	0.1372	0.0681	-0.055163298	0.741618	-0.347133	-0.65895104
14.5	63.5	77.86103991677626	29.823159536945152	0.0349	0.0372	0.0598	0.0452	0.0915	0.2497	0.2933	0.2894	0.3094	0.3429	0.1434	0.0701	-0.060496666	0.7298267	-0.3373383	-0.6575029
6.5	64.5	77.86030199921805	29.823067297250375	0.0318	0.0389	0.0594	0.0439	0.0888	0.2465	0.2864	0.267	0.3001	0.3261	0.1472	0.0745	-0.046257615	0.7175941	-0.28923222	-0.6360294
7.5	64.5	77.86039423891283	29.823067297250375	0.0323	0.0389	0.0574	0.0436	0.0891	0.2547	0.3035	0.2762	0.3159	0.3261	0.1451	0.0725	-0.05153382	0.72732955	-0.3111797	-0.6558753
8.5	64.5	77.8604864786076	29.823067297250375	0.0323	0.0361	0.0598	0.044	0.0891	0.2547	0.3035	0.2912	0.3159	0.3261	0.1451	0.0725	-0.062430087	0.73747015	-0.33486137	-0.65925926
9.5	64.5	77.86057871830238	29.823067297250375	0.0322	0.0357	0.0614	0.0409	0.093	0.2822	0.3393	0.3192	0.3461	0.3261	0.1507	0.0748	-0.078815766	0.77284086	-0.35858694	-0.67735153
10.5	64.5	77.86067095799716	29.823067297250375	0.0322	0.04	0.0604	0.0436	0.093	0.2822	0.3393	0.332	0.3461	0.3261	0.1507	0.0748	-0.082633995	0.7678381	-0.37559557	-0.69215083
11.5	64.5	77.86076319769194	29.823067297250375	0.0324	0.0408	0.0614	0.0436	0.095	0.271	0.3215	0.314	0.3307	0.3429	0.1532	0.0775	-0.071655646	0.75615215	-0.34417808	-0.67288226
12.5	64.5	77.8608554373867	29.823067297250375	0.0324	0.0408	0.0614	0.0436	0.095	0.271	0.3215	0.314	0.3307	0.3429	0.1532	0.0775	-0.071655646	0.75615215	-0.34417808	-0.67288226
13.5	64.5	77.86094767708148	29.823067297250375	0.0324	0.0374	0.0642	0.0462	0.095	0.271	0.3215	0.3034	0.3307	0.3429	0.1532	0.0775	-0.068361826	0.7356979	-0.32895315	-0.6507073
14.5	64.5	77.86103991677626	29.823067297250375	0.0335	0.0407	0.0624	0.0478	0.0953	0.266	0.3135	0.2924	0.3365	0.3429	0.16	0.0794	-0.05934996	0.71898884	-0.29266137	-0.64825255
6.5	65.5	77.86030199921805	29.8229750575556	0.0318	0.0396	0.0558	0.0426	0.0888	0.2465	0.2864	0.2832	0.3001	0.3261	0.1472	0.0745	-0.054974876	0.73848987	-0.3159851	-0.67079645
7.5	65.5	77.86039423891283	29.8229750575556	0.0323	0.0384	0.0572	0.0433	0.0891	0.2547	0.3035	0.293	0.3159	0.3261	0.1451	0.0725	-0.061578225	0.74249184	-0.33759418	-0.67332953
8.5	65.5	77.8604864786076	29.8229750575556	0.0323	0.0401	0.06	0.0434	0.0891	0.2547	0.3035	0.3176	0.3159	0.3261	0.1451	0.0725	-0.07429369	0.7595568	-0.3728118	-0.6822034
9.5	65.5	77.86057871830238	29.8229750575556	0.0322	0.0393	0.0628	0.0424	0.093	0.2822	0.3393	0.352	0.3461	0.3261	0.1507	0.0748	-0.09467744	0.78498983	-0.40043762	-0.69720346
10.5	65.5	77.86067095799716	29.8229750575556	0.0322	0.0361	0.0591	0.044	0.093	0.2822	0.3393	0.3521	0.3461	0.3261	0.1507	0.0748	-0.09735624	0.7778339	-0.4005569	-0.7125487
11.5	65.5	77.86076319769194	29.8229750575556	0.0324	0.0398	0.0619	0.0462	0.095	0.271	0.3215	0.326	0.3307	0.3429	0.1532	0.0775	-0.07935684	0.75174636	-0.360601	-0.68084556
12.5	65.5	77.8608554373867	29.8229750575556	0.0324	0.0398	0.0619	0.0462	0.095	0.271	0.3215	0.326	0.3307	0.3429	0.1532	0.0775	-0.07935684	0.75174636	-0.360601	-0.68084556
13.5	65.5	77.86094767708148	29.8229750575556	0.0324	0.0419	0.0662	0.0504	0.095	0.271	0.3215	0.3213	0.3307	0.3429	0.1532	0.0775	-0.07494107	0.7288136	-0.35426766	-0.6583226
14.5	65.5	77.86103991677626	29.8229750575556	0.0335	0.0418	0.0598	0.0447	0.0953	0.266	0.3135	0.3086	0.3365	0.3429	0.16	0.0794	-0.06773955	0.74695724	-0.31711483	-0.6753529
6.5	66.5	77.86030199921805	29.822882817860823	0.0324	0.0362	0.0598	0.0424	0.0923	0.277	0.3252	0.3066	0.3475	0.3261	0.1564	0.0759	-0.07118006	0.75702006	-0.32440606	-0.67358077
7.5	66.5	77.86039423891283	29.822882817860823	0.0329	0.0344	0.0603	0.0418	0.0911	0.2875	0.3513	0.3288	0.3623	0.3261	0.1541	0.0744	-0.08538631	0.77441984	-0.36177263	-0.69005394
8.5	66.5	77.8604864786076	29.822882817860823	0.0329	0.0383	0.0576	0.0411	0.0911	0.2875	0.3513	0.3536	0.3623	0.3261	0.1541	0.0744	-0.09641424	0.79174054	-0.3929486	-0.71984434
9.5	66.5	77.86057871830238	29.822882817860823	0.0328	0.0385	0.0604	0.0424	0.0919	0.2906	0.3543	0.3588	0.3722	0.3261	0.159	0.0775	-0.0992326	0.7886341	-0.38586327	-0.71183205
10.5	66.5	77.86067095799716	29.822882817860823	0.0328	0.0351	0.0617	0.045	0.0919	0.2906	0.3543	0.3552	0.3722	0.3261	0.159	0.0775	-0.09995327	0.77511245	-0.3815636	-0.7040057
11.5	66.5	77.86076319769194	29.822882817860823	0.0327	0.041	0.0654	0.0474	0.0957	0.2751	0.329	0.3353	0.3514	0.3429	0.1664	0.0833	-0.08370735	0.7522864	-0.33665538	-0.6735713
12.5	66.5	77.8608554373867	29.822882817860823	0.0327	0.0413	0.0672	0.048	0.0957	0.2751	0.329	0.3212	0.3514	0.3429	0.1664	0.0833	-0.07537525	0.7399783	-0.31747335	-0.653965
13.5	66.5	77.86094767708148	29.822882817860823	0.0327	0.0413	0.0672	0.048	0.0957	0.2751	0.329	0.3212	0.3514	0.3429	0.1664	0.0833	-0.07537525	0.7399783	-0.31747335	-0.653965
14.5	66.5	77.86103991677626	29.822882817860823	0.0332	0.0393	0.0616	0.0457	0.0968	0.2756	0.3312	0.3264	0.3579	0.3429	0.1691	0.082	-0.07999585	0.7543671	-0.31745714	-0.68247426
6.5	67.5	77.86030199921805	29.822790578166046	0.0324	0.0352	0.0598	0.0423	0.0923	0.277	0.3252	0.3371	0.3475	0.3261	0.1564	0.0759	-0.08949101	0.77701634	-0.3661601	-0.69866467
7.5	67.5	77.86039423891283	29.822790578166046	0.0329	0.0411	0.0594	0.042	0.0911	0.2875	0.3513	0.3484	0.3623	0.3261	0.1541	0.0744	-0.09113828	0.78483605	-0.38666666	-0.70868075
8.5	67.5	77.8604864786076	29.822790578166046	0.0329	0.0375	0.0578	0.041	0.0911	0.2875	0.3513	0.3617	0.3623	0.3261	0.1541	0.0744	-0.10171495	0.79637444	-0.4024816	-0.72443384
9.5	67.5	77.86057871830238	29.822790578166046	0.0328	0.0375	0.0604	0.0437	0.0919	0.2906	0.3543	0.3572	0.3722	0.3261	0.159	0.0775	-0.0991342	0.7819905	-0.3839597	-0.710728
10.5	67.5	77.86067095799716	29.822790578166046	0.0328	0.0412	0.0648	0.0458	0.0919	0.2906	0.3543	0.3447	0.3722	0.3261	0.159	0.0775	-0.088934414	0.76542896	-0.36867186	-0.6835165
11.5	67.5	77.86076319769194	29.822790578166046	0.0327	0.0426	0.0642	0.0481	0.0957	0.2751	0.329	0.3312	0.3514	0.3429	0.1664	0.0833	-0.08004528	0.7463749	-0.33118972	-0.67526555
12.5	67.5	77.8608554373867	29.822790578166046	0.0327	0.0394	0.0634	0.0458	0.0957	0.2751	0.329	0.3284	0.3514	0.3429	0.1664	0.0833	-0.08106091	0.7552111	-0.327405	-0.6763655
13.5	67.5	77.86094767708148	29.822790578166046	0.0327	0.0394	0.0634	0.0458	0.0957	0.2751	0.329	0.3284	0.3514	0.3429	0.1664	0.0833	-0.08106091	0.7552111	-0.327405	-0.6763655
6.5	68.5	77.86030199921805	29.82269833847127	0.0332	0.0374	0.06	0.0424	0.0951	0.2834	0.3372	0.3476	0.3536	0.3594	0.1636	0.0797	-0.09371053	0.7825641	-0.35993743	-0.7055937
7.5	68.5	77.86039423891283	29.82269833847127	0.0334	0.041	0.057	0.0446	0.0938	0.2891	0.3502	0.3508	0.3646	0.3594	0.1626	0.0776	-0.092596605	0.77440566	-0.36657578	-0.72045124
8.5	68.5	77.8604864786076	29.82269833847127	0.0334	0.0373	0.0622	0.0451	0.0938	0.2891	0.3502	0.354	0.3646	0.3594	0.1626	0.0776	-0.09746284	0.77399147	-0.37049943	-0.70110524
9.5	68.5	77.86057871830238	29.82269833847127	0.0336	0.0383	0.0658	0.0479	0.0906	0.2774	0.3373	0.344	0.36	0.3594	0.1652	0.0799	-0.09090865	0.7555499	-0.35113907	-0.67886776
10.5	68.5	77.86067095799716	29.82269833847127	0.0336	0.037	0.0632	0.046	0.0906	0.2774	0.3373	0.3257	0.36	0.3594	0.1652	0.0799	-0.08147856	0.75248855	-0.32695052	-0.67498076
11.5	68.5	77.86076319769194	29.82269833847127	0.0336	0.0396	0.0614	0.0466	0.0935	0.2866	0.3424	0.3409	0.3626	0.3651	0.1677	0.0819	-0.08806583	0.7594839	-0.3405427	-0.69475514
12.5	68.5	77.8608554373867	29.82269833847127	0.0336	0.0413	0.0624	0.0464	0.0935	0.2866	0.3424	0.3392	0.3626	0.3651	0.1677	0.0819	-0.08569823	0.7593361	-0.33833104	-0.689243
6.5	69.5	77.86030199921805	29.822606098776493	0.0332	0.0372	0.0619	0.0414	0.0951	0.2834	0.3372	0.3269	0.3536	0.3594	0.1636	0.0797	-0.082002915	0.77518326	-0.3329256	-0.68158436
7.5	69.5	77.86039423891283	29.822606098776493	0.0334	0.0358	0.0605	0.0444	0.0938	0.2891	0.3502	0.3428	0.3646	0.3594	0.1626	0.0776	-0.09226844	0.7706612	-0.35654926	-0.6999752
8.5	69.5	77.8604864786076	29.822606098776493	0.0334	0.0363	0.0622	0.0457	0.0938	0.2891	0.3502	0.3464	0.3646	0.3594	0.1626	0.0776	-0.093923435	0.7668962	-0.3611002	-0.6955458
9.5	69.5	77.86057871830238	29.822606098776493	0.0336	0.0383	0.0628	0.0469	0.0906	0.2774	0.3373	0.3255	0.36	0.3594	0.1652	0.0799	-0.08029889	0.7481203	-0.32667622	-0.67653877
10.5	69.5	77.86067095799716	29.822606098776493	0.0336	0.0376	0.0601	0.0446	0.0906	0.2774	0.3373	0.3283	0.36	0.3594	0.1652	0.0799	-0.08247813	0.7607938	-0.33049646	-0.69052523
7.5	70.5	77.86039423891283	29.822513859081717	0.034	0.0382	0.063	0.044	0.0947	0.2792	0.3342	0.3312	0.3521	0.3594	0.1694	0.0818	-0.08364976	0.7654584	-0.32321215	-0.6803653
8.5	70.5	77.8604864786076	29.822513859081717	0.034	0.0384	0.0618	0.0448	0.0947	0.2792	0.3342	0.3436	0.3521	0.3594	0.1694	0.0818	-0.090597324	0.76931	-0.33957115	-0.6951159
51.5	109.5	77.864452785483	29.818916510985435	0.0373	0.0382	0.0672	0.0521	0.1075	0.2362	0.2787	0.2653	0.2971	0.3245	0.1739	0.0925	-0.045856114	0.67170763	-0.20810567	-0.5957895
50.5	110.5	77.86436054578822	29.81882427129066	0.0373	0.0406	0.0692	0.0511	0.0975	0.2194	0.266	0.2776	0.29	0.2937	0.1604	0.0841	-0.05094407	0.68907815	-0.26757988	-0.6009227
51.5	110.5	77.864452785483	29.81882427129066	0.0373	0.0406	0.0692	0.0511	0.0975	0.2194	0.266	0.2776	0.29	0.2937	0.1604	0.0841	-0.05094407	0.68907815	-0.26757988	-0.6009227
52.5	110.5	77.86454502517776	29.81882427129066	0.0373	0.04	0.0633	0.0475	0.0975	0.2194	0.266	0.2743	0.29	0.2937	0.1604	0.0841	-0.049543057	0.7047856	-0.26201978	-0.625
53.5	110.5	77.86463726487254	29.81882427129066	0.0373	0.0388	0.0638	0.0542	0.0916	0.2246	0.2642	0.2482	0.2865	0.2937	0.1621	0.0857	-0.03555774	0.6415344	-0.20984645	-0.59102565
49.5	111.5	77.86426830609344	29.818732031595882	0.0393	0.044	0.0696	0.0542	0.0992	0.2303	0.2688	0.2683	0.2979	0.2897	0.1665	0.0869	-0.042825248	0.66387594	-0.23413062	-0.5880438
50.5	111.5	77.86436054578822	29.818732031595882	0.0373	0.0432	0.0709	0.0536	0.0975	0.2194	0.266	0.2722	0.29	0.2937	0.1604	0.0841	-0.04571725	0.67096376	-0.25843734	-0.5867094
51.5	111.5	77.864452785483	29.818732031595882	0.0373	0.0432	0.0709	0.0536	0.0975	0.2194	0.266	0.2722	0.29	0.2937	0.1604	0.0841	-0.04571725	0.67096376	-0.25843734	-0.5867094
52.5	111.5	77.86454502517776	29.818732031595882	0.0373	0.042	0.0704	0.0504	0.0975	0.2194	0.266	0.2751	0.29	0.2937	0.1604	0.0841	-0.048363447	0.6903226	-0.2633754	-0.59247464
53.5	111.5	77.86463726487254	29.818732031595882	0.0373	0.0349	0.0612	0.047	0.0916	0.2246	0.2642	0.254	0.2865	0.2937	0.1621	0.0857	-0.042078927	0.68770766	-0.22086038	-0.61167514
54.5	111.5	77.86472950456732	29.818732031595882	0.0373	0.0408	0.0611	0.047	0.0916	0.2246	0.2642	0.2718	0.2865	0.2937	0.1621	0.0857	-0.047453944	0.7051443	-0.25282323	-0.6329228
47.5	112.5	77.86408382670389	29.818639791901106	0.038	0.0444	0.0733	0.0582	0.1044	0.2251	0.2673	0.2722	0.2875	0.2897	0.1692	0.0911	-0.044734214	0.6476997	-0.23334841	-0.5756874
48.5	112.5	77.86417606639866	29.818639791901106	0.0374	0.0441	0.0722	0.0572	0.0992	0.2263	0.2695	0.263	0.2888	0.2897	0.1633	0.0868	-0.039703786	0.6427233	-0.2338729	-0.56921244
49.5	112.5	77.86426830609344	29.818639791901106	0.0374	0.0425	0.0675	0.0561	0.0992	0.2263	0.2695	0.2635	0.2888	0.2897	0.1633	0.0868	-0.041301254	0.64893615	-0.23477042	-0.592145
50.5	112.5	77.86436054578822	29.818639791901106	0.0374	0.0434	0.0676	0.051	0.0954	0.2263	0.2698	0.2688	0.2866	0.2937	0.1595	0.0837	-0.043603513	0.68105066	-0.25519493	-0.5980975
51.5	112.5	77.864452785483	29.818639791901106	0.0374	0.0434	0.0676	0.051	0.0954	0.2263	0.2698	0.2688	0.2866	0.2937	0.1595	0.0837	-0.043603513	0.68105066	-0.25519493	-0.5980975
52.5	112.5	77.86454502517776	29.818639791901106	0.0374	0.0436	0.0676	0.053	0.0954	0.2263	0.2698	0.277	0.2866	0.2937	0.1595	0.0837	-0.048142385	0.6787879	-0.26918674	-0.60766107
53.5	112.5	77.86463726487254	29.818639791901106	0.0379	0.0414	0.0662	0.0511	0.0917	0.2317	0.2745	0.2778	0.2878	0.2937	0.1605	0.0828	-0.050403416	0.6892672	-0.26762488	-0.61511624
54.5	112.5	77.86472950456732	29.818639791901106	0.0379	0.0439	0.0646	0.0514	0.0917	0.2317	0.2745	0.2709	0.2878	0.2937	0.1605	0.0828	-0.044398274	0.68104255	-0.255911	-0.61490315
55.5	112.5	77.8648217442621	29.818639791901106	0.0387	0.048	0.0688	0.058	0.1044	0.2338	0.2765	0.2829	0.2973	0.2937	0.1756	0.0921	-0.047921553	0.6597243	-0.23402399	-0.60875744
46.5	113.5	77.86399158700911	29.81854755220633	0.038	0.0455	0.0716	0.0608	0.1044	0.2251	0.2673	0.2652	0.2875	0.2897	0.1692	0.0911	-0.039818596	0.62699383	-0.22099444	-0.5748218
47.5	113.5	77.86408382670389	29.81854755220633	0.038	0.0429	0.0703	0.0554	0.1044	0.2251	0.2673	0.2626	0.2875	0.2897	0.1692	0.0911	-0.040457424	0.65157235	-0.21630384	-0.57765096
48.5	113.5	77.86417606639866	29.81854755220633	0.0374	0.0425	0.0697	0.0536	0.0992	0.2263	0.2695	0.2664	0.2888	0.2897	0.1633	0.0868	-0.042964406	0.665	-0.23993488	-0.5852425
49.5	113.5	77.86426830609344	29.81854755220633	0.0374	0.0439	0.0681	0.0564	0.0992	0.2263	0.2695	0.2693	0.2888	0.2897	0.1633	0.0868	-0.043480676	0.65366906	-0.24503009	-0.59632486
50.5	113.5	77.86436054578822	29.81854755220633	0.0374	0.0441	0.0736	0.0535	0.0954	0.2263	0.2698	0.2696	0.2866	0.2937	0.1595	0.0837	-0.043488882	0.6688332	-0.25658354	-0.5710956
51.5	113.5	77.864452785483	29.81854755220633	0.0374	0.0441	0.0736	0.0535	0.0954	0.2263	0.2698	0.2696	0.2866	0.2937	0.1595	0.0837	-0.043488882	0.6688332	-0.25658354	-0.5710956
52.5	113.5	77.86454502517776	29.81854755220633	0.0374	0.0406	0.0675	0.0548	0.0954	0.2263	0.2698	0.2687	0.2866	0.2937	0.1595	0.0837	-0.04583993	0.6612056	-0.255021	-0.5984533
53.5	113.5	77.86463726487254	29.81854755220633	0.0379	0.0436	0.0689	0.0543	0.0917	0.2317	0.2745	0.2721	0.2878	0.2937	0.1605	0.0828	-0.04533223	0.6672794	-0.257975	-0.59589446
54.5	113.5	77.86472950456732	29.81854755220633	0.0379	0.0401	0.067	0.0526	0.0917	0.2317	0.2745	0.2765	0.2878	0.2937	0.1605	0.0828	-0.050722823	0.6803403	-0.2654462	-0.6098981
55.5	113.5	77.8648217442621	29.81854755220633	0.0387	0.0436	0.0728	0.0565	0.1044	0.2338	0.2765	0.2802	0.2973	0.2937	0.1756	0.0921	-0.049977582	0.66438967	-0.2294866	-0.5875354
45.5	114.5	77.86389934731433	29.818455312511553	0.0384	0.0452	0.0698	0.0588	0.0986	0.2281	0.2706	0.2736	0.282	0.2897	0.1657	0.0883	-0.044881765	0.6462094	-0.24561805	-0.593477
46.5	114.5	77.86399158700911	29.818455312511553	0.0372	0.0455	0.0726	0.0601	0.1016	0.2249	0.2627	0.2574	0.2855	0.2897	0.1671	0.0882	-0.035345305	0.62141734	-0.21272087	-0.56
47.5	114.5	77.86408382670389	29.818455312511553	0.0372	0.0412	0.0706	0.055	0.1016	0.2249	0.2627	0.2596	0.2855	0.2897	0.1671	0.0882	-0.04012957	0.6503497	-0.21677998	-0.57238036
48.5	114.5	77.86417606639866	29.818455312511553	0.0366	0.041	0.0703	0.0544	0.0973	0.2275	0.2697	0.2718	0.2867	0.2897	0.1619	0.0848	-0.047290105	0.6664623	-0.25340098	-0.5890091
49.5	114.5	77.86426830609344	29.818455312511553	0.0366	0.0396	0.0686	0.0543	0.0973	0.2275	0.2697	0.2723	0.2867	0.2897	0.1619	0.0848	-0.04872373	0.66748315	-0.25426072	-0.59753597
50.5	114.5	77.86436054578822	29.818455312511553	0.0369	0.0448	0.0692	0.0564	0.0952	0.223	0.2578	0.2744	0.2804	0.2937	0.1612	0.0844	-0.04566824	0.65900844	-0.25987142	-0.59720606
51.5	114.5	77.864452785483	29.818455312511553	0.0369	0.0425	0.0695	0.0548	0.0952	0.223	0.2578	0.2631	0.2804	0.2937	0.1612	0.0844	-0.041071847	0.6552375	-0.24016026	-0.5820806
52.5	114.5	77.86454502517776	29.818455312511553	0.0369	0.0425	0.0695	0.0548	0.0952	0.223	0.2578	0.2631	0.2804	0.2937	0.1612	0.0844	-0.041071847	0.6552375	-0.24016026	-0.5820806
53.5	114.5	77.86463726487254	29.818455312511553	0.0374	0.0411	0.0664	0.055	0.098	0.2216	0.2616	0.2567	0.2863	0.2937	0.1638	0.0839	-0.038548335	0.6470966	-0.22092748	-0.58898175
54.5	114.5	77.86472950456732	29.818455312511553	0.0374	0.0423	0.0668	0.0535	0.098	0.2216	0.2616	0.2609	0.2863	0.2937	0.1638	0.0839	-0.039973985	0.6596692	-0.22863196	-0.59231
55.5	114.5	77.8648217442621	29.818455312511553	0.0374	0.0426	0.0706	0.0549	0.1021	0.2367	0.2765	0.2757	0.2974	0.2937	0.17	0.0886	-0.048216034	0.6678766	-0.23715504	-0.592261
56.5	114.5	77.86491398395687	29.818455312511553	0.0374	0.0454	0.0736	0.0558	0.1021	0.2367	0.2765	0.283	0.2974	0.2937	0.17	0.0886	-0.050108816	0.67060214	-0.2494481	-0.58721256
46.5	115.5	77.86399158700911	29.818363072816776	0.0372	0.0456	0.0719	0.0557	0.1016	0.2249	0.2627	0.2626	0.2855	0.2897	0.1671	0.0882	-0.03824558	0.6500157	-0.22224809	-0.5701046
47.5	115.5	77.86408382670389	29.818363072816776	0.0372	0.0428	0.0692	0.0532	0.1016	0.2249	0.2627	0.2706	0.2855	0.2897	0.1671	0.0882	-0.045127332	0.6714021	-0.23646332	-0.59270155
48.5	115.5	77.86417606639866	29.818363072816776	0.0366	0.0412	0.066	0.0531	0.0973	0.2275	0.2697	0.2678	0.2867	0.2897	0.1619	0.0848	-0.04483226	0.66905576	-0.24645102	-0.60455364
49.5	115.5	77.86426830609344	29.818363072816776	0.0366	0.04	0.0692	0.052	0.0973	0.2275	0.2697	0.2636	0.2867	0.2897	0.1619	0.0848	-0.043406595	0.6704689	-0.23901291	-0.5841346
50.5	115.5	77.86436054578822	29.818363072816776	0.0369	0.0438	0.067	0.0514	0.0952	0.223	0.2578	0.2688	0.2804	0.2937	0.1612	0.0844	-0.043275833	0.67895067	-0.25023255	-0.6009529
51.5	115.5	77.864452785483	29.818363072816776	0.0369	0.0463	0.0677	0.0548	0.0952	0.223	0.2578	0.2569	0.2804	0.2937	0.1612	0.0844	-0.034403197	0.64837986	-0.22889262	-0.58287126
52.5	115.5	77.86454502517776	29.818363072816776	0.0369	0.0463	0.0677	0.0548	0.0952	0.223	0.2578	0.2569	0.2804	0.2937	0.1612	0.0844	-0.034403197	0.64837986	-0.22889262	-0.58287126
53.5	115.5	77.86463726487254	29.818363072816776	0.0374	0.0415	0.0664	0.0554	0.098	0.2216	0.2616	0.2556	0.2863	0.2937	0.1638	0.0839	-0.037589803	0.6437299	-0.21888413	-0.58757764
54.5	115.5	77.86472950456732	29.818363072816776	0.0374	0.0451	0.0692	0.052	0.098	0.2216	0.2616	0.2604	0.2863	0.2937	0.1638	0.0839	-0.037393477	0.66709346	-0.22772276	-0.5800971
55.5	115.5	77.8648217442621	29.818363072816776	0.0374	0.0423	0.0727	0.0576	0.1021	0.2367	0.2765	0.2836	0.2974	0.2937	0.17	0.0886	-0.05299244	0.6623681	-0.25044093	-0.5919169
56.5	115.5	77.86491398395687	29.818363072816776	0.0374	0.0462	0.073	0.0588	0.1021	0.2367	0.2765	0.2789	0.2974	0.2937	0.17	0.0886	-0.04710211	0.6517619	-0.24259299	-0.5851094
48.5	116.5	77.86417606639866	29.818270833122	0.0364	0.0411	0.0657	0.0532	0.0954	0.2276	0.2636	0.2654	0.2791	0.2728	0.1646	0.085	-0.043537777	0.66603893	-0.23441859	-0.603141
49.5	116.5	77.86426830609344	29.818270833122	0.0364	0.0416	0.065	0.052	0.0954	0.2276	0.2636	0.2599	0.2791	0.2728	0.1646	0.085	-0.039973933	0.6665598	-0.22449942	-0.5998769
50.5	116.5	77.86436054578822	29.818270833122	0.0361	0.0404	0.0684	0.0534	0.0955	0.2235	0.2615	0.2608	0.2745	0.2798	0.1635	0.0838	-0.041473124	0.66008914	-0.2293189	-0.58444715
51.5	116.5	77.864452785483	29.818270833122	0.0361	0.0424	0.071	0.0514	0.0955	0.2235	0.2615	0.2598	0.2745	0.2798	0.1635	0.0838	-0.039261214	0.6696658	-0.22749822	-0.5707376
52.5	116.5	77.86454502517776	29.818270833122	0.0361	0.0424	0.071	0.0514	0.0955	0.2235	0.2615	0.2598	0.2745	0.2798	0.1635	0.0838	-0.039261214	0.6696658	-0.22749822	-0.5707376
53.5	116.5	77.86463726487254	29.818270833122	0.0363	0.043	0.066	0.0536	0.1005	0.2242	0.2662	0.2593	0.2836	0.2798	0.1715	0.0909	-0.038482945	0.6573985	-0.20380686	-0.5942207
54.5	116.5	77.86472950456732	29.818270833122	0.0363	0.0441	0.0706	0.0571	0.1005	0.2242	0.2662	0.2777	0.2836	0.2798	0.1715	0.0909	-0.048134234	0.65890086	-0.23642032	-0.59460235
55.5	116.5	77.8648217442621	29.818270833122	0.036	0.0458	0.073	0.0626	0.1032	0.2253	0.2713	0.2756	0.2903	0.2798	0.1759	0.0932	-0.045537233	0.62980485	-0.22081947	-0.5811819
56.5	116.5	77.86491398395687	29.818270833122	0.036	0.0486	0.0733	0.0615	0.1032	0.2253	0.2713	0.2681	0.2903	0.2798	0.1759	0.0932	-0.038942225	0.6268204	-0.20765765	-0.5705917
57.5	116.5	77.86500622365165	29.818270833122	0.0362	0.0472	0.0742	0.0596	0.1033	0.2281	0.2709	0.2793	0.2863	0.2886	0.1704	0.0903	-0.04651231	0.6482738	-0.24216147	-0.58019805
49.5	117.5	77.86426830609344	29.818178593427223	0.0364	0.043	0.0672	0.0522	0.0954	0.2276	0.2636	0.2655	0.2791	0.2728	0.1646	0.085	-0.042038653	0.6713881	-0.23459662	-0.5960325
50.5	117.5	77.86436054578822	29.818178593427223	0.0361	0.0426	0.0646	0.0544	0.0955	0.2235	0.2615	0.2556	0.2745	0.2798	0.1635	0.0838	-0.036688685	0.64903224	-0.21975665	-0.5965022
51.5	117.5	77.864452785483	29.818178593427223	0.0361	0.0434	0.0672	0.0531	0.0955	0.2235	0.2615	0.2621	0.2745	0.2798	0.1635	0.0838	-0.039761074	0.6630711	-0.23167296	-0.59186155
52.5	117.5	77.86454502517776	29.818178593427223	0.0361	0.0434	0.0672	0.0531	0.0955	0.2235	0.2615	0.2621	0.2745	0.2798	0.1635	0.0838	-0.039761074	0.6630711	-0.23167296	-0.59186155
53.5	117.5	77.86463726487254	29.818178593427223	0.0363	0.0442	0.0682	0.0581	0.1005	0.2242	0.2662	0.2756	0.2836	0.2798	0.1715	0.0909	-0.046847954	0.65178305	-0.2328338	-0.6032577
54.5	117.5	77.86472950456732	29.818178593427223	0.0363	0.0449	0.0746	0.062	0.1005	0.2242	0.2662	0.2814	0.2836	0.2798	0.1715	0.0909	-0.049600817	0.63890505	-0.24265842	-0.5808989
55.5	117.5	77.8648217442621	29.818178593427223	0.036	0.0473	0.0742	0.0593	0.1032	0.2253	0.2713	0.2662	0.2903	0.2798	0.1759	0.0932	-0.038917545	0.63563746	-0.20425245	-0.5640423
56.5	117.5	77.86491398395687	29.818178593427223	0.036	0.0472	0.0712	0.0615	0.1032	0.2253	0.2713	0.2701	0.2903	0.2798	0.1759	0.0932	-0.041236106	0.6290712	-0.21121077	-0.5827718
50.5	118.5	77.86436054578822	29.818086353732447	0.0356	0.0438	0.0686	0.0544	0.1013	0.231	0.2705	0.262	0.2949	0.2798	0.1722	0.0891	-0.039376035	0.65613145	-0.20681714	-0.584997
51.5	118.5	77.864452785483	29.818086353732447	0.0356	0.044	0.0692	0.0568	0.1013	0.231	0.2705	0.2678	0.2949	0.2798	0.1722	0.0891	-0.0425385	0.6500308	-0.21727274	-0.5893175
52.5	118.5	77.86454502517776	29.818086353732447	0.0356	0.044	0.0692	0.0568	0.1013	0.231	0.2705	0.2678	0.2949	0.2798	0.1722	0.0891	-0.0425385	0.6500308	-0.21727274	-0.5893175
53.5	118.5	77.86463726487254	29.818086353732447	0.0358	0.0426	0.071	0.0602	0.1025	0.2212	0.2589	0.2722	0.2838	0.2798	0.1759	0.0949	-0.046208773	0.6377858	-0.21490738	-0.5862471
54.5	118.5	77.86472950456732	29.818086353732447	0.0358	0.0438	0.0706	0.0596	0.1025	0.2212	0.2589	0.2619	0.2838	0.2798	0.1759	0.0949	-0.039318696	0.62923795	-0.19643675	-0.57533836
55.5	118.5	77.8648217442621	29.818086353732447	0.035	0.0461	0.0726	0.0594	0.0962	0.2072	0.2455	0.2554	0.266	0.2798	0.1714	0.0913	-0.03370678	0.62261754	-0.19681351	-0.5573171
51.5	119.5	77.864452785483	29.81799411403767	0.0356	0.0442	0.0726	0.0592	0.1013	0.231	0.2705	0.2802	0.2949	0.2798	0.1722	0.0891	-0.049486063	0.6511491	-0.23872681	-0.58843535
52.5	119.5	77.86454502517776	29.81799411403767	0.0358	0.0462	0.0702	0.0572	0.1025	0.2212	0.2589	0.2567	0.2838	0.2798	0.1759	0.0949	-0.034370415	0.63555276	-0.18677765	-0.57051086
53.5	119.5	77.86463726487254	29.81799411403767	0.0358	0.0462	0.0702	0.0572	0.1025	0.2212	0.2589	0.2567	0.2838	0.2798	0.1759	0.0949	-0.034370415	0.63555276	-0.18677765	-0.57051086
51.5	120.5	77.864452785483	29.817901874342894	0.0357	0.0448	0.0709	0.0574	0.0948	0.2245	0.2571	0.2776	0.2734	0.2798	0.1591	0.0878	-0.047503434	0.6573134	-0.27135333	-0.5931133
52.5	120.5	77.86454502517776	29.817901874342894	0.0359	0.0452	0.0717	0.0588	0.0987	0.2264	0.2642	0.263	0.2776	0.2798	0.1708	0.0921	-0.038802665	0.63455564	-0.21254036	-0.5715566
