Pixel-X	Pixel-Y	Longitude	Latitude	B1	B2	B3	B4	B5	B6	B7	B8	B8A	B9	B11	B12	NDBI	NDVI
67.5	15.5	77.94211860848479	29.797978100271173	0.0994	0.1072	0.129	0.1488	0.1992	0.2251	0.23	0.1932	0.2351	0.2192	0.2566	0.2447	0.1409515	0.12982458
66.5	16.5	77.94202636879001	29.797885860576397	0.0994	0.1494	0.1854	0.203	0.1992	0.2251	0.23	0.2402	0.2351	0.2192	0.2566	0.2447	0.03301126	0.08393503
67.5	16.5	77.94211860848479	29.797885860576397	0.0994	0.1338	0.1692	0.1864	0.1992	0.2251	0.23	0.2235	0.2351	0.2192	0.2566	0.2447	0.06894396	0.090509884
68.5	16.5	77.94221084817956	29.797885860576397	0.1029	0.1146	0.1424	0.1628	0.1737	0.1965	0.212	0.2041	0.2259	0.2192	0.2545	0.2566	0.1098997	0.11256473
66.5	17.5	77.94202636879001	29.79779362088162	0.1044	0.1306	0.1766	0.2092	0.242	0.2536	0.2618	0.2679	0.273	0.2192	0.284	0.2622	0.029171987	0.123035
67.5	17.5	77.94211860848479	29.79779362088162	0.1044	0.1618	0.191	0.2232	0.242	0.2536	0.2618	0.2644	0.273	0.2192	0.284	0.2622	0.035740342	0.084495515
68.5	17.5	77.94221084817956	29.79779362088162	0.1062	0.16	0.1794	0.21	0.2179	0.2205	0.2285	0.242	0.2431	0.2192	0.2559	0.2427	0.027917247	0.070796475
69.5	17.5	77.94230308787434	29.79779362088162	0.1062	0.1346	0.1582	0.1814	0.2179	0.2205	0.2285	0.2138	0.2431	0.2192	0.2559	0.2427	0.08963168	0.0819838
65.5	18.5	77.94193412909523	29.797701381186844	0.1088	0.1062	0.1544	0.1862	0.2384	0.2647	0.2663	0.2397	0.2671	0.227	0.2917	0.2639	0.097854726	0.12561637
66.5	18.5	77.94202636879001	29.797701381186844	0.1088	0.1062	0.1544	0.1862	0.2384	0.2647	0.2663	0.2397	0.2671	0.227	0.2917	0.2639	0.097854726	0.12561637
67.5	18.5	77.94211860848479	29.797701381186844	0.1088	0.115	0.1544	0.1948	0.2384	0.2647	0.2663	0.2399	0.2671	0.227	0.2917	0.2639	0.09744171	0.103749685
68.5	18.5	77.94221084817956	29.797701381186844	0.1062	0.1626	0.1954	0.2156	0.2179	0.2205	0.2285	0.2569	0.2431	0.2192	0.2559	0.2427	-0.001950111	0.08740743
69.5	18.5	77.94230308787434	29.797701381186844	0.1062	0.145	0.1792	0.1958	0.2179	0.2205	0.2285	0.233	0.2431	0.2192	0.2559	0.2427	0.046839844	0.0867537
70.5	18.5	77.94239532756912	29.797701381186844	0.1035	0.1196	0.1542	0.1772	0.1926	0.1996	0.2083	0.2037	0.2121	0.2192	0.2448	0.2403	0.09163878	0.06957207
64.5	19.5	77.94184188940045	29.797609141492067	0.1051	0.1544	0.1992	0.2348	0.2565	0.2779	0.2909	0.2906	0.2903	0.2621	0.3276	0.3024	0.05985118	0.10620481
65.5	19.5	77.94193412909523	29.797609141492067	0.1088	0.1214	0.1726	0.2076	0.2384	0.2647	0.2663	0.2567	0.2671	0.227	0.2917	0.2639	0.063822016	0.10575061
66.5	19.5	77.94202636879001	29.797609141492067	0.1088	0.1214	0.1726	0.2076	0.2384	0.2647	0.2663	0.2567	0.2671	0.227	0.2917	0.2639	0.063822016	0.10575061
67.5	19.5	77.94211860848479	29.797609141492067	0.1088	0.1248	0.1558	0.2028	0.2384	0.2647	0.2663	0.2448	0.2671	0.227	0.2917	0.2639	0.08741846	0.09383377
68.5	19.5	77.94221084817956	29.797609141492067	0.109	0.1328	0.1722	0.1908	0.1997	0.2134	0.2282	0.2448	0.2265	0.227	0.2499	0.2291	0.010309272	0.123966955
69.5	19.5	77.94230308787434	29.797609141492067	0.109	0.1382	0.1598	0.172	0.1997	0.2134	0.2282	0.2072	0.2265	0.227	0.2499	0.2291	0.09341499	0.092827
70.5	19.5	77.94239532756912	29.797609141492067	0.1058	0.1252	0.1382	0.1564	0.1888	0.2014	0.2055	0.1853	0.1996	0.227	0.2241	0.21	0.094772846	0.08457711
71.5	19.5	77.9424875672639	29.797609141492067	0.1058	0.1254	0.1632	0.1694	0.1888	0.2014	0.2055	0.2055	0.1996	0.227	0.2241	0.21	0.043296058	0.09629234
63.5	20.5	77.94174964970568	29.79751690179729	0.1081	0.151	0.1998	0.2486	0.2785	0.3025	0.311	0.309	0.3128	0.2621	0.3256	0.3022	0.02615823	0.10832134
64.5	20.5	77.94184188940045	29.79751690179729	0.1081	0.1604	0.2082	0.25	0.2785	0.3025	0.311	0.3108	0.3128	0.2621	0.3256	0.3022	0.023255834	0.10841653
65.5	20.5	77.94193412909523	29.79751690179729	0.1094	0.1596	0.1988	0.2384	0.2514	0.2568	0.2644	0.283	0.2799	0.227	0.297	0.2752	0.02413793	0.085538924
66.5	20.5	77.94202636879001	29.79751690179729	0.1094	0.1596	0.1988	0.2384	0.2514	0.2568	0.2644	0.283	0.2799	0.227	0.297	0.2752	0.02413793	0.085538924
67.5	20.5	77.94211860848479	29.79751690179729	0.1094	0.1684	0.1956	0.2278	0.2514	0.2568	0.2644	0.2689	0.2799	0.227	0.297	0.2752	0.04965539	0.08274615
68.5	20.5	77.94221084817956	29.79751690179729	0.1092	0.1224	0.1558	0.1654	0.1784	0.1943	0.2024	0.2154	0.2157	0.227	0.2313	0.2178	0.035594363	0.13130252
69.5	20.5	77.94230308787434	29.79751690179729	0.1092	0.1142	0.1334	0.159	0.1784	0.1943	0.2024	0.185	0.2157	0.227	0.2313	0.2178	0.11121786	0.07558142
70.5	20.5	77.94239532756912	29.79751690179729	0.1058	0.1188	0.138	0.1518	0.1888	0.2014	0.2055	0.1912	0.1996	0.227	0.2241	0.21	0.07921982	0.11486879
71.5	20.5	77.9424875672639	29.79751690179729	0.1058	0.1326	0.1592	0.1848	0.1888	0.2014	0.2055	0.2103	0.1996	0.227	0.2241	0.21	0.031767946	0.064540625
72.5	20.5	77.94257980695868	29.79751690179729	0.0998	0.152	0.1796	0.2096	0.1933	0.2137	0.2273	0.2332	0.2315	0.2107	0.2332	0.216	0.0	0.05329719
63.5	21.5	77.94174964970568	29.797424662102515	0.1081	0.1542	0.2096	0.2482	0.2785	0.3025	0.311	0.3212	0.3128	0.2621	0.3256	0.3022	0.0068026977	0.12820515
64.5	21.5	77.94184188940045	29.797424662102515	0.1081	0.1542	0.2078	0.252	0.2785	0.3025	0.311	0.3188	0.3128	0.2621	0.3256	0.3022	0.010552445	0.11702873
65.5	21.5	77.94193412909523	29.797424662102515	0.1094	0.1474	0.2022	0.2332	0.2514	0.2568	0.2644	0.2856	0.2799	0.227	0.297	0.2752	0.01956743	0.10100233
66.5	21.5	77.94202636879001	29.797424662102515	0.1094	0.1474	0.2022	0.2332	0.2514	0.2568	0.2644	0.2856	0.2799	0.227	0.297	0.2752	0.01956743	0.10100233
67.5	21.5	77.94211860848479	29.797424662102515	0.1094	0.151	0.1868	0.2094	0.2514	0.2568	0.2644	0.2461	0.2799	0.227	0.297	0.2752	0.093721226	0.080570795
68.5	21.5	77.94221084817956	29.797424662102515	0.1092	0.1074	0.1336	0.152	0.1784	0.1943	0.2024	0.1954	0.2157	0.227	0.2313	0.2178	0.08413404	0.12492805
69.5	21.5	77.94230308787434	29.797424662102515	0.1092	0.126	0.1482	0.1708	0.1784	0.1943	0.2024	0.1933	0.2157	0.227	0.2313	0.2178	0.089496	0.061796192
70.5	21.5	77.94239532756912	29.797424662102515	0.1066	0.1136	0.1388	0.1474	0.1791	0.185	0.1944	0.175	0.1905	0.227	0.207	0.2025	0.08376965	0.08560791
71.5	21.5	77.9424875672639	29.797424662102515	0.1066	0.1244	0.1512	0.1686	0.1791	0.185	0.1944	0.2032	0.1905	0.227	0.207	0.2025	0.009263786	0.0930608
72.5	21.5	77.94257980695868	29.797424662102515	0.102	0.1372	0.1628	0.1786	0.2004	0.2075	0.2133	0.2016	0.2227	0.2107	0.2203	0.2091	0.044323307	0.060494483
73.5	21.5	77.94267204665344	29.797424662102515	0.102	0.1518	0.1852	0.2026	0.2004	0.2075	0.2133	0.2277	0.2227	0.2107	0.2203	0.2091	-0.016517837	0.05833138
64.5	22.5	77.94184188940045	29.797332422407738	0.1051	0.1508	0.1926	0.228	0.2181	0.2508	0.2697	0.3017	0.2772	0.2621	0.2692	0.2367	-0.056927655	0.13913535
65.5	22.5	77.94193412909523	29.797332422407738	0.1052	0.152	0.1836	0.2178	0.2138	0.228	0.2401	0.2631	0.2371	0.227	0.2569	0.2349	-0.01192305	0.09419836
66.5	22.5	77.94202636879001	29.797332422407738	0.1052	0.1162	0.1488	0.1604	0.2138	0.228	0.2401	0.2063	0.2371	0.227	0.2569	0.2349	0.10924008	0.12517044
67.5	22.5	77.94211860848479	29.797332422407738	0.1052	0.1162	0.1488	0.1604	0.2138	0.228	0.2401	0.2063	0.2371	0.227	0.2569	0.2349	0.10924008	0.12517044
68.5	22.5	77.94221084817956	29.797332422407738	0.1043	0.1152	0.1406	0.1604	0.1731	0.1898	0.1854	0.1948	0.2012	0.227	0.2095	0.204	0.036359128	0.09684685
69.5	22.5	77.94230308787434	29.797332422407738	0.1043	0.115	0.1354	0.1602	0.1731	0.1898	0.1854	0.182	0.2012	0.227	0.2095	0.204	0.070242666	0.06370543
70.5	22.5	77.94239532756912	29.797332422407738	0.1033	0.0814	0.102	0.1162	0.1632	0.1748	0.1821	0.1554	0.1863	0.227	0.1865	0.2016	0.09096228	0.14432988
71.5	22.5	77.9424875672639	29.797332422407738	0.1033	0.095	0.1132	0.1262	0.1632	0.1748	0.1821	0.1536	0.1863	0.227	0.1865	0.2016	0.09673622	0.09792709
72.5	22.5	77.94257980695868	29.797332422407738	0.102	0.129	0.1486	0.169	0.2004	0.2075	0.2133	0.196	0.2227	0.2107	0.2203	0.2091	0.058371387	0.07397259
73.5	22.5	77.94267204665344	29.797332422407738	0.102	0.1318	0.1528	0.1834	0.2004	0.2075	0.2133	0.2063	0.2227	0.2107	0.2203	0.2091	0.032817625	0.05876315
74.5	22.5	77.94276428634822	29.797332422407738	0.0986	0.1456	0.1684	0.1986	0.2067	0.2292	0.2408	0.2242	0.2368	0.2107	0.2254	0.2048	0.0026690513	0.060548726
64.5	23.5	77.94184188940045	29.79724018271296	0.1051	0.1184	0.1756	0.1912	0.2181	0.2508	0.2697	0.2656	0.2772	0.2621	0.2692	0.2367	0.006731491	0.16287214
65.5	23.5	77.94193412909523	29.79724018271296	0.1052	0.1314	0.1488	0.1786	0.2138	0.228	0.2401	0.2153	0.2371	0.227	0.2569	0.2349	0.0880983	0.093170844
66.5	23.5	77.94202636879001	29.79724018271296	0.1052	0.108	0.1406	0.1506	0.2138	0.228	0.2401	0.1999	0.2371	0.227	0.2569	0.2349	0.12478111	0.1406562
67.5	23.5	77.94211860848479	29.79724018271296	0.1052	0.108	0.1406	0.1506	0.2138	0.228	0.2401	0.1999	0.2371	0.227	0.2569	0.2349	0.12478111	0.1406562
68.5	23.5	77.94221084817956	29.79724018271296	0.1043	0.1312	0.1478	0.1692	0.1731	0.1898	0.1854	0.1916	0.2012	0.227	0.2095	0.204	0.044627286	0.062084235
69.5	23.5	77.94230308787434	29.79724018271296	0.1043	0.1172	0.1426	0.1534	0.1731	0.1898	0.1854	0.1836	0.2012	0.227	0.2095	0.204	0.06588656	0.08961421
70.5	23.5	77.94239532756912	29.79724018271296	0.1033	0.1004	0.1186	0.1364	0.1632	0.1748	0.1821	0.1932	0.1863	0.227	0.1865	0.2016	-0.017645534	0.17233011
71.5	23.5	77.9424875672639	29.79724018271296	0.1033	0.0922	0.1036	0.1272	0.1632	0.1748	0.1821	0.1859	0.1863	0.227	0.1865	0.2016	0.001611158	0.18748002
72.5	23.5	77.94257980695868	29.79724018271296	0.1015	0.092	0.1042	0.1226	0.1645	0.1769	0.1807	0.1613	0.1904	0.2107	0.1888	0.1967	0.07854899	0.13631563
73.5	23.5	77.94267204665344	29.79724018271296	0.1015	0.129	0.1516	0.1692	0.1645	0.1769	0.1807	0.1949	0.1904	0.2107	0.1888	0.1967	-0.015897833	0.07058501
74.5	23.5	77.94276428634822	29.79724018271296	0.1	0.1344	0.156	0.1676	0.1691	0.1767	0.1868	0.1959	0.1773	0.2107	0.2009	0.1938	0.012600832	0.077854164
75.5	23.5	77.942856526043	29.79724018271296	0.1	0.1013	0.1406	0.1428	0.1691	0.1767	0.1868	0.1764	0.1773	0.2107	0.2009	0.1938	0.06493506	0.105263166
65.5	24.5	77.94193412909523	29.797147943018185	0.0977	0.1118	0.1334	0.1532	0.1754	0.1899	0.1974	0.1908	0.202	0.2125	0.2159	0.1949	0.06171627	0.10930231
66.5	24.5	77.94202636879001	29.797147943018185	0.0977	0.1168	0.1488	0.1616	0.1754	0.1899	0.1974	0.2026	0.202	0.2125	0.2159	0.1949	0.031780172	0.11257553
67.5	24.5	77.94211860848479	29.797147943018185	0.0977	0.1168	0.1488	0.1616	0.1754	0.1899	0.1974	0.2026	0.202	0.2125	0.2159	0.1949	0.031780172	0.11257553
68.5	24.5	77.94221084817956	29.797147943018185	0.0973	0.1336	0.1554	0.173	0.1794	0.1887	0.192	0.2044	0.1977	0.2125	0.2069	0.2003	0.0060782824	0.08320087
69.5	24.5	77.94230308787434	29.797147943018185	0.0973	0.1208	0.1394	0.1588	0.1794	0.1887	0.192	0.1866	0.1977	0.2125	0.2069	0.2003	0.05158831	0.08048637
70.5	24.5	77.94239532756912	29.797147943018185	0.0986	0.1128	0.1346	0.1562	0.1848	0.1906	0.1965	0.1887	0.1984	0.2125	0.1991	0.2167	0.02681794	0.094230205
71.5	24.5	77.9424875672639	29.797147943018185	0.0986	0.1058	0.1252	0.145	0.1848	0.1906	0.1965	0.1969	0.1984	0.2125	0.1991	0.2167	0.0055555743	0.15179877
72.5	24.5	77.94257980695868	29.797147943018185	0.1001	0.0984	0.1156	0.1324	0.1721	0.1878	0.1912	0.1955	0.1979	0.209	0.1918	0.2087	-0.009553325	0.1924367
73.5	24.5	77.94267204665344	29.797147943018185	0.1001	0.093	0.1146	0.128	0.1721	0.1878	0.1912	0.1759	0.1979	0.209	0.1918	0.2087	0.043241777	0.15761761
74.5	24.5	77.94276428634822	29.797147943018185	0.1	0.1144	0.1276	0.1408	0.1691	0.1767	0.1868	0.1649	0.1773	0.2107	0.2009	0.1938	0.09841443	0.07883548
66.5	25.5	77.94202636879001	29.79705570332341	0.0977	0.1214	0.1466	0.1618	0.1754	0.1899	0.1974	0.198	0.202	0.2125	0.2159	0.1949	0.043247174	0.100611456
67.5	25.5	77.94211860848479	29.79705570332341	0.0977	0.1214	0.1466	0.1618	0.1754	0.1899	0.1974	0.198	0.202	0.2125	0.2159	0.1949	0.043247174	0.100611456
68.5	25.5	77.94221084817956	29.79705570332341	0.0973	0.1278	0.1452	0.163	0.1794	0.1887	0.192	0.1887	0.1977	0.2125	0.2069	0.2003	0.046006054	0.07307365
69.5	25.5	77.94230308787434	29.79705570332341	0.0973	0.118	0.14	0.155	0.1794	0.1887	0.192	0.1825	0.1977	0.2125	0.2069	0.2003	0.06266049	0.081481494
70.5	25.5	77.94239532756912	29.79705570332341	0.0986	0.1136	0.1408	0.1552	0.1848	0.1906	0.1965	0.1861	0.1984	0.2125	0.1991	0.2167	0.033748694	0.090536185
71.5	25.5	77.9424875672639	29.79705570332341	0.0986	0.1194	0.1414	0.1584	0.1848	0.1906	0.1965	0.1874	0.1984	0.2125	0.1991	0.2167	0.03027168	0.083863504
72.5	25.5	77.94257980695868	29.79705570332341	0.1001	0.1168	0.1396	0.1606	0.1721	0.1878	0.1912	0.2042	0.1979	0.209	0.1918	0.2087	-0.031313136	0.11951752
73.5	25.5	77.94267204665344	29.79705570332341	0.1001	0.1164	0.1326	0.1568	0.1721	0.1878	0.1912	0.2014	0.1979	0.209	0.1918	0.2087	-0.024415053	0.124511436
74.5	25.5	77.94276428634822	29.79705570332341	0.1008	0.0972	0.1144	0.1292	0.1502	0.165	0.1728	0.1598	0.1654	0.209	0.1817	0.188	0.06412888	0.10588235
66.5	26.5	77.94202636879001	29.796963463628632	0.0915	0.1064	0.14	0.1472	0.1711	0.1851	0.1939	0.1796	0.2045	0.2125	0.2059	0.176	0.06822308	0.0991432
67.5	26.5	77.94211860848479	29.796963463628632	0.0914	0.1192	0.1362	0.1506	0.1713	0.1898	0.2011	0.1781	0.2007	0.2125	0.2097	0.1885	0.081485294	0.08366293
68.5	26.5	77.94221084817956	29.796963463628632	0.0914	0.1192	0.1362	0.1506	0.1713	0.1898	0.2011	0.1781	0.2007	0.2125	0.2097	0.1885	0.081485294	0.08366293
69.5	26.5	77.94230308787434	29.796963463628632	0.0914	0.1174	0.1462	0.1598	0.1713	0.1898	0.2011	0.1924	0.2007	0.2125	0.2097	0.1885	0.04302415	0.09256105
70.5	26.5	77.94239532756912	29.796963463628632	0.0943	0.1238	0.1498	0.1732	0.1878	0.2038	0.2111	0.202	0.2219	0.2125	0.2212	0.208	0.04536861	0.07675909
71.5	26.5	77.9424875672639	29.796963463628632	0.0943	0.1314	0.1534	0.1732	0.1878	0.2038	0.2111	0.2074	0.2219	0.2125	0.2212	0.208	0.032197878	0.089858115
72.5	26.5	77.94257980695868	29.796963463628632	0.0981	0.1338	0.1562	0.1792	0.2002	0.2096	0.2167	0.2097	0.2187	0.209	0.2287	0.2221	0.0433394	0.07842635
73.5	26.5	77.94267204665344	29.796963463628632	0.0981	0.1282	0.1556	0.1742	0.2002	0.2096	0.2167	0.21	0.2187	0.209	0.2287	0.2221	0.04262595	0.09318063
67.5	27.5	77.94211860848479	29.796871223933856	0.0914	0.1032	0.1192	0.1376	0.1713	0.1898	0.2011	0.1711	0.2007	0.2125	0.2097	0.1885	0.10136554	0.1085196
68.5	27.5	77.94221084817956	29.796871223933856	0.0914	0.1032	0.1192	0.1376	0.1713	0.1898	0.2011	0.1711	0.2007	0.2125	0.2097	0.1885	0.10136554	0.1085196
69.5	27.5	77.94230308787434	29.796871223933856	0.0914	0.111	0.1372	0.1526	0.1713	0.1898	0.2011	0.2026	0.2007	0.2125	0.2097	0.1885	0.017220473	0.14076576
70.5	27.5	77.94239532756912	29.796871223933856	0.0943	0.1244	0.151	0.1692	0.1878	0.2038	0.2111	0.207	0.2219	0.2125	0.2212	0.208	0.033162076	0.10047846
71.5	27.5	77.9424875672639	29.796871223933856	0.0943	0.1352	0.1588	0.1772	0.1878	0.2038	0.2111	0.2098	0.2219	0.2125	0.2212	0.208	0.026450114	0.084237725
72.5	27.5	77.94257980695868	29.796871223933856	0.0981	0.1346	0.1608	0.1814	0.2002	0.2096	0.2167	0.2131	0.2187	0.209	0.2287	0.2221	0.035310086	0.08035488
68.5	28.5	77.94221084817956	29.79677898423908	0.0881	0.0914	0.1176	0.1252	0.1521	0.2188	0.2356	0.2008	0.2339	0.2125	0.2197	0.1787	0.044946473	0.23190182
69.5	28.5	77.94230308787434	29.79677898423908	0.0881	0.0802	0.1116	0.1104	0.1521	0.2188	0.2356	0.2558	0.2339	0.2125	0.2197	0.1787	-0.07592011	0.3970508
70.5	28.5	77.94239532756912	29.79677898423908	0.091	0.0926	0.1256	0.1216	0.1653	0.239	0.2628	0.2536	0.2659	0.2125	0.231	0.1899	-0.04663639	0.35181236
71.5	28.5	77.9424875672639	29.79677898423908	0.091	0.115	0.1458	0.161	0.1653	0.239	0.2628	0.222	0.2659	0.2125	0.231	0.1899	0.019867556	0.15926895
68.5	29.5	77.94221084817956	29.796686744544303	0.0881	0.0772	0.106	0.1138	0.1521	0.2188	0.2356	0.228	0.2339	0.2125	0.2197	0.1787	-0.018539215	0.33411354
69.5	29.5	77.94230308787434	29.796686744544303	0.0881	0.0605	0.0952	0.0916	0.1521	0.2188	0.2356	0.271	0.2339	0.2125	0.2197	0.1787	-0.104544535	0.49476007
70.5	29.5	77.94239532756912	29.796686744544303	0.091	0.0647	0.1002	0.0938	0.1653	0.239	0.2628	0.2924	0.2659	0.2125	0.231	0.1899	-0.11730989	0.51424134
71.5	29.5	77.9424875672639	29.796686744544303	0.091	0.0838	0.1096	0.1224	0.1653	0.239	0.2628	0.271	0.2659	0.2125	0.231	0.1899	-0.079681255	0.37773257
69.5	30.5	77.94230308787434	29.796594504849526	0.0866	0.0652	0.0987	0.0932	0.1407	0.1918	0.2065	0.2455	0.2593	0.2261	0.2327	0.1822	-0.026767028	0.44966048
70.5	30.5	77.94239532756912	29.796594504849526	0.0887	0.0636	0.0956	0.0905	0.1461	0.2428	0.2711	0.284	0.2764	0.2261	0.2388	0.1772	-0.08645754	0.51668894
25.5	38.5	77.93824454130417	29.795856587291315	0.0786	0.0968	0.1208	0.259	0.2918	0.3115	0.3103	0.2961	0.2852	0.2722	0.4803	0.4662	0.23724887	0.066834785
24.5	39.5	77.93815230160939	29.79576434759654	0.1039	0.0942	0.1296	0.258	0.2926	0.311	0.3071	0.2901	0.2831	0.2487	0.4771	0.4689	0.24374348	0.058565997
25.5	39.5	77.93824454130417	29.79576434759654	0.1034	0.0866	0.1104	0.2468	0.2768	0.2903	0.2862	0.2799	0.2743	0.2722	0.4654	0.4525	0.24889305	0.062844135
26.5	39.5	77.93833678099895	29.79576434759654	0.1034	0.0824	0.1092	0.2284	0.2768	0.2903	0.2862	0.2701	0.2743	0.2722	0.4654	0.4525	0.26553366	0.08365093
23.5	40.5	77.93806006191463	29.795672107901762	0.1039	0.0806	0.106	0.2442	0.2926	0.311	0.3071	0.29	0.2831	0.2487	0.4771	0.4689	0.24390565	0.08573566
24.5	40.5	77.93815230160939	29.795672107901762	0.1034	0.0788	0.1064	0.231	0.2768	0.2903	0.2862	0.2663	0.2743	0.2722	0.4654	0.4525	0.27210608	0.07098328
25.5	40.5	77.93824454130417	29.795672107901762	0.1034	0.0788	0.1064	0.231	0.2768	0.2903	0.2862	0.2663	0.2743	0.2722	0.4654	0.4525	0.27210608	0.07098328
26.5	40.5	77.93833678099895	29.795672107901762	0.1034	0.0732	0.1016	0.207	0.2768	0.2903	0.2862	0.2534	0.2743	0.2722	0.4654	0.4525	0.29493603	0.10078192
27.5	40.5	77.93842902069373	29.795672107901762	0.1007	0.0854	0.1064	0.2016	0.2578	0.2787	0.2777	0.2536	0.2644	0.2722	0.4406	0.4199	0.26937482	0.114235505
21.5	41.5	77.93787558252507	29.795579868206985	0.1204	0.0902	0.1196	0.2408	0.2806	0.2961	0.2978	0.2857	0.2674	0.2873	0.4495	0.4437	0.22279653	0.08528016
22.5	41.5	77.93796782221985	29.795579868206985	0.13	0.0832	0.1102	0.246	0.3122	0.3286	0.3144	0.2814	0.301	0.2873	0.4445	0.4291	0.22468661	0.06712171
23.5	41.5	77.93806006191463	29.795579868206985	0.13	0.1	0.123	0.2456	0.3122	0.3286	0.3144	0.2735	0.301	0.2873	0.4445	0.4291	0.23816156	0.05374686
24.5	41.5	77.93815230160939	29.795579868206985	0.1344	0.0885	0.1092	0.2164	0.2809	0.3047	0.3131	0.2574	0.2844	0.2885	0.4198	0.398	0.23981099	0.08653442
25.5	41.5	77.93824454130417	29.795579868206985	0.1344	0.0885	0.1092	0.2164	0.2809	0.3047	0.3131	0.2574	0.2844	0.2885	0.4198	0.398	0.23981099	0.08653442
26.5	41.5	77.93833678099895	29.795579868206985	0.1344	0.0826	0.1044	0.1972	0.2809	0.3047	0.3131	0.2511	0.2844	0.2885	0.4198	0.398	0.25145328	0.12023199
27.5	41.5	77.93842902069373	29.795579868206985	0.1317	0.0762	0.1026	0.201	0.2661	0.2932	0.2866	0.2602	0.2722	0.2885	0.447	0.4294	0.26414028	0.12836078
28.5	41.5	77.9385212603885	29.795579868206985	0.1317	0.0899	0.123	0.216	0.2661	0.2932	0.2866	0.278	0.2722	0.2885	0.447	0.4294	0.23310345	0.12550606
21.5	42.5	77.93787558252507	29.79548762851221	0.1204	0.0872	0.1122	0.2416	0.2806	0.2961	0.2978	0.2807	0.2674	0.2873	0.4495	0.4437	0.23116954	0.07486118
22.5	42.5	77.93796782221985	29.79548762851221	0.13	0.1062	0.1282	0.2524	0.3122	0.3286	0.3144	0.2822	0.301	0.2873	0.4445	0.4291	0.22333837	0.055742607
23.5	42.5	77.93806006191463	29.79548762851221	0.13	0.2008	0.2454	0.3124	0.3122	0.3286	0.3144	0.332	0.301	0.2873	0.4445	0.4291	0.14488089	0.03041585
24.5	42.5	77.93815230160939	29.79548762851221	0.1344	0.1772	0.2112	0.2864	0.2809	0.3047	0.3131	0.3156	0.2844	0.2885	0.4198	0.398	0.1416916	0.048505012
25.5	42.5	77.93824454130417	29.79548762851221	0.1344	0.1772	0.2112	0.2864	0.2809	0.3047	0.3131	0.3156	0.2844	0.2885	0.4198	0.398	0.1416916	0.048505012
26.5	42.5	77.93833678099895	29.79548762851221	0.1344	0.0934	0.118	0.222	0.2809	0.3047	0.3131	0.2761	0.2844	0.2885	0.4198	0.398	0.20649518	0.10861274
27.5	42.5	77.93842902069373	29.79548762851221	0.1317	0.0836	0.1018	0.2108	0.2661	0.2932	0.2866	0.2712	0.2722	0.2885	0.447	0.4294	0.2447786	0.1253112
28.5	42.5	77.9385212603885	29.79548762851221	0.1317	0.0858	0.106	0.2196	0.2661	0.2932	0.2866	0.2837	0.2722	0.2885	0.447	0.4294	0.22348434	0.12735939
29.5	42.5	77.93861350008328	29.79548762851221	0.1145	0.0868	0.1084	0.2178	0.2831	0.303	0.3013	0.2798	0.2835	0.2885	0.4433	0.4307	0.22610982	0.124598056
22.5	43.5	77.93796782221985	29.795395388817433	0.1435	0.2138	0.24	0.31	0.4012	0.3992	0.3819	0.3152	0.3657	0.2873	0.3735	0.3376	0.08465223	0.008317336
23.5	43.5	77.93806006191463	29.795395388817433	0.1435	0.3172	0.3616	0.3872	0.4012	0.3992	0.3819	0.3809	0.3657	0.2873	0.3735	0.3376	-0.009809128	-0.00820206
24.5	43.5	77.93815230160939	29.795395388817433	0.1515	0.3168	0.3472	0.3804	0.4045	0.4006	0.4021	0.3796	0.3815	0.2885	0.3925	0.3568	0.016707713	-0.0010526495
25.5	43.5	77.93824454130417	29.795395388817433	0.1515	0.3168	0.3472	0.3804	0.4045	0.4006	0.4021	0.3796	0.3815	0.2885	0.3925	0.3568	0.016707713	-0.0010526495
26.5	43.5	77.93833678099895	29.795395388817433	0.1515	0.1978	0.2274	0.2978	0.4045	0.4006	0.4021	0.3308	0.3815	0.2885	0.3925	0.3568	0.08530349	0.052497603
27.5	43.5	77.93842902069373	29.795395388817433	0.1491	0.0979	0.1298	0.2386	0.32	0.3365	0.3248	0.2934	0.307	0.2885	0.4174	0.404	0.17445134	0.1030075
28.5	43.5	77.9385212603885	29.795395388817433	0.1491	0.0799	0.107	0.2144	0.32	0.3365	0.3248	0.2756	0.307	0.2885	0.4174	0.404	0.20461763	0.12489795
29.5	43.5	77.93861350008328	29.795395388817433	0.1257	0.0828	0.1064	0.206	0.2096	0.2341	0.2387	0.2686	0.221	0.2885	0.3446	0.3278	0.12394	0.13190052
30.5	43.5	77.93870573977806	29.795395388817433	0.1257	0.0985	0.1166	0.1902	0.2096	0.2341	0.2387	0.2389	0.221	0.2885	0.3446	0.3278	0.18114822	0.11349337
23.5	44.5	77.93806006191463	29.795303149122656	0.1435	0.344	0.3864	0.41	0.4012	0.3992	0.3819	0.3943	0.3657	0.2873	0.3735	0.3376	-0.02709042	-0.019520057
24.5	44.5	77.93815230160939	29.795303149122656	0.1515	0.3468	0.3972	0.4164	0.4045	0.4006	0.4021	0.4028	0.3815	0.2885	0.3925	0.3568	-0.012951063	-0.016601553
25.5	44.5	77.93824454130417	29.795303149122656	0.1515	0.33	0.3656	0.4068	0.4045	0.4006	0.4021	0.3997	0.3815	0.2885	0.3925	0.3568	-0.00908858	-0.0088034915
26.5	44.5	77.93833678099895	29.795303149122656	0.1515	0.33	0.3656	0.4068	0.4045	0.4006	0.4021	0.3997	0.3815	0.2885	0.3925	0.3568	-0.00908858	-0.0088034915
27.5	44.5	77.93842902069373	29.795303149122656	0.1491	0.2306	0.2438	0.332	0.32	0.3365	0.3248	0.3556	0.307	0.2885	0.4174	0.404	0.079948254	0.0343223
28.5	44.5	77.9385212603885	29.795303149122656	0.1491	0.115	0.1288	0.2276	0.32	0.3365	0.3248	0.2779	0.307	0.2885	0.4174	0.404	0.20063281	0.09950548
29.5	44.5	77.93861350008328	29.795303149122656	0.1257	0.0781	0.104	0.1704	0.2096	0.2341	0.2387	0.221	0.221	0.2885	0.3446	0.3278	0.21852899	0.12927952
30.5	44.5	77.93870573977806	29.795303149122656	0.1257	0.0882	0.1124	0.142	0.2096	0.2341	0.2387	0.178	0.221	0.2885	0.3446	0.3278	0.31879064	0.11249999
31.5	44.5	77.93879797947284	29.795303149122656	0.0914	0.0591	0.0842	0.118	0.1686	0.1863	0.1857	0.1548	0.1869	0.2262	0.2883	0.2617	0.3012864	0.13489735
23.5	45.5	77.93806006191463	29.79521090942788	0.1338	0.3576	0.3984	0.4124	0.4416	0.4294	0.4152	0.398	0.3855	0.2873	0.3363	0.3011	-0.08402563	-0.017769009
24.5	45.5	77.93815230160939	29.79521090942788	0.1419	0.366	0.4108	0.4364	0.4706	0.4655	0.4634	0.4156	0.4235	0.2885	0.3861	0.3638	-0.036796816	-0.024413139
25.5	45.5	77.93824454130417	29.79521090942788	0.1419	0.3876	0.4332	0.4496	0.4706	0.4655	0.4634	0.4308	0.4235	0.2885	0.3861	0.3638	-0.054719057	-0.021353953
26.5	45.5	77.93833678099895	29.79521090942788	0.1419	0.3876	0.4332	0.4496	0.4706	0.4655	0.4634	0.4308	0.4235	0.2885	0.3861	0.3638	-0.054719057	-0.021353953
27.5	45.5	77.93842902069373	29.79521090942788	0.1393	0.3308	0.3688	0.396	0.3319	0.336	0.3186	0.3936	0.307	0.2885	0.3494	0.3343	-0.059488524	-0.0030395275
28.5	45.5	77.9385212603885	29.79521090942788	0.1393	0.1548	0.205	0.2392	0.3319	0.336	0.3186	0.2812	0.307	0.2885	0.3494	0.3343	0.108151	0.08070714
29.5	45.5	77.93861350008328	29.79521090942788	0.1176	0.0762	0.099	0.1294	0.1529	0.1684	0.1892	0.1728	0.1801	0.2885	0.2861	0.2562	0.24689473	0.14361352
30.5	45.5	77.93870573977806	29.79521090942788	0.1176	0.0644	0.0847	0.113	0.1529	0.1684	0.1892	0.1436	0.1801	0.2885	0.2861	0.2562	0.3316267	0.119251765
31.5	45.5	77.93879797947284	29.79521090942788	0.0853	0.0604	0.0746	0.1492	0.2068	0.2278	0.2127	0.168	0.2066	0.2262	0.3211	0.298	0.31302392	0.059268568
32.5	45.5	77.9388902191676	29.79521090942788	0.0853	0.0676	0.0843	0.1892	0.2068	0.2278	0.2127	0.2148	0.2066	0.2262	0.3211	0.298	0.1983579	0.06336634
24.5	46.5	77.93815230160939	29.795118669733103	0.1419	0.3828	0.4208	0.4496	0.4706	0.4655	0.4634	0.4332	0.4235	0.2885	0.3861	0.3638	-0.05748811	-0.018577265
25.5	46.5	77.93824454130417	29.795118669733103	0.1419	0.366	0.4156	0.4328	0.4706	0.4655	0.4634	0.4187	0.4235	0.2885	0.3861	0.3638	-0.040506978	-0.016558995
26.5	46.5	77.93833678099895	29.795118669733103	0.1419	0.366	0.4156	0.4328	0.4706	0.4655	0.4634	0.4187	0.4235	0.2885	0.3861	0.3638	-0.040506978	-0.016558995
27.5	46.5	77.93842902069373	29.795118669733103	0.1393	0.2686	0.3024	0.3652	0.3319	0.336	0.3186	0.3672	0.307	0.2885	0.3494	0.3343	-0.024839483	0.002730713
28.5	46.5	77.9385212603885	29.795118669733103	0.1393	0.124	0.161	0.2138	0.3319	0.336	0.3186	0.249	0.307	0.2885	0.3494	0.3343	0.16778077	0.076058775
29.5	46.5	77.93861350008328	29.795118669733103	0.1176	0.0723	0.0906	0.125	0.1529	0.1684	0.1892	0.1588	0.1801	0.2885	0.2861	0.2562	0.2861317	0.11909798
30.5	46.5	77.93870573977806	29.795118669733103	0.1176	0.06	0.0796	0.1502	0.1529	0.1684	0.1892	0.1729	0.1801	0.2885	0.2861	0.2562	0.24662308	0.070256926
31.5	46.5	77.93879797947284	29.795118669733103	0.0853	0.0686	0.0879	0.1974	0.2068	0.2278	0.2127	0.2196	0.2066	0.2262	0.3211	0.298	0.1877196	0.053237416
32.5	46.5	77.9388902191676	29.795118669733103	0.0853	0.0646	0.0872	0.1956	0.2068	0.2278	0.2127	0.23	0.2066	0.2262	0.3211	0.298	0.16530573	0.08082707
25.5	47.5	77.93824454130417	29.795026430038327	0.1173	0.283	0.3296	0.3508	0.3415	0.3576	0.3563	0.3643	0.3511	0.2534	0.3118	0.2802	-0.07765125	0.018878484
26.5	47.5	77.93833678099895	29.795026430038327	0.1173	0.283	0.3296	0.3508	0.3415	0.3576	0.3563	0.3643	0.3511	0.2534	0.3118	0.2802	-0.07765125	0.018878484
27.5	47.5	77.93842902069373	29.795026430038327	0.1154	0.1544	0.2014	0.2602	0.2313	0.2415	0.235	0.2924	0.2249	0.2534	0.2992	0.2743	0.011494246	0.05827001
28.5	47.5	77.9385212603885	29.795026430038327	0.1154	0.0756	0.1058	0.1634	0.2313	0.2415	0.235	0.1848	0.2249	0.2534	0.2992	0.2743	0.23636363	0.061458945
29.5	47.5	77.93861350008328	29.795026430038327	0.0996	0.0678	0.0841	0.1588	0.1972	0.2144	0.2179	0.187	0.2104	0.2534	0.3319	0.3008	0.27924454	0.081550024
30.5	47.5	77.93870573977806	29.795026430038327	0.0996	0.0689	0.0847	0.1932	0.1972	0.2144	0.2179	0.218	0.2104	0.2534	0.3319	0.3008	0.20712858	0.060311254
31.5	47.5	77.93879797947284	29.795026430038327	0.0751	0.0673	0.0882	0.2046	0.256	0.2642	0.2583	0.2282	0.2452	0.2779	0.4089	0.3968	0.28362894	0.054528642
26.5	48.5	77.93833678099895	29.79493419034355	0.1154	0.086	0.1148	0.1506	0.2313	0.2415	0.235	0.1847	0.2249	0.2534	0.2992	0.2743	0.23661914	0.101699956
27.5	48.5	77.93842902069373	29.79493419034355	0.1154	0.086	0.1148	0.1506	0.2313	0.2415	0.235	0.1847	0.2249	0.2534	0.2992	0.2743	0.23661914	0.101699956
28.5	48.5	77.9385212603885	29.79493419034355	0.1154	0.0682	0.0874	0.1634	0.2313	0.2415	0.235	0.1792	0.2249	0.2534	0.2992	0.2743	0.25083613	0.04611792
29.5	48.5	77.93861350008328	29.79493419034355	0.0996	0.0658	0.089	0.1896	0.1972	0.2144	0.2179	0.2193	0.2104	0.2534	0.3319	0.3008	0.20428157	0.072633885
27.5	49.5	77.93842902069373	29.794841950648774	0.0974	0.0633	0.0822	0.1444	0.2112	0.2203	0.2332	0.1729	0.211	0.2534	0.3268	0.3024	0.30798477	0.08982038
28.5	49.5	77.9385212603885	29.794841950648774	0.0974	0.068	0.0894	0.1944	0.2112	0.2203	0.2332	0.2225	0.211	0.2534	0.3268	0.3024	0.18987802	0.06740225
9.5	53.5	77.93676870618775	29.794472991869668	0.0795	0.0938	0.102	0.1382	0.1563	0.1767	0.172	0.1596	0.1574	0.1446	0.3494	0.2493	0.37288803	0.07186032
10.5	53.5	77.93686094588253	29.794472991869668	0.0795	0.1014	0.1056	0.128	0.1563	0.1767	0.172	0.1471	0.1574	0.1446	0.3494	0.2493	0.40745217	0.06942928
8.5	54.5	77.93667646649297	29.79438075217489	0.0812	0.0944	0.1046	0.128	0.1386	0.1411	0.1379	0.1424	0.1467	0.1446	0.3483	0.2357	0.41960466	0.053254403
9.5	54.5	77.93676870618775	29.79438075217489	0.0812	0.0946	0.1034	0.1406	0.1386	0.1411	0.1379	0.1576	0.1467	0.1446	0.3483	0.2357	0.376952	0.057008736
10.5	54.5	77.93686094588253	29.79438075217489	0.0812	0.0946	0.1034	0.1406	0.1386	0.1411	0.1379	0.1576	0.1467	0.1446	0.3483	0.2357	0.376952	0.057008736
11.5	54.5	77.93695318557731	29.79438075217489	0.0835	0.0994	0.1048	0.1296	0.1622	0.164	0.1636	0.1444	0.1605	0.1564	0.3591	0.2568	0.42641512	0.054014586
7.5	55.5	77.9365842267982	29.794288512480115	0.0789	0.09	0.1004	0.1134	0.133	0.1436	0.1456	0.1272	0.1392	0.1446	0.3329	0.2238	0.44707668	0.05735665
8.5	55.5	77.93667646649297	29.794288512480115	0.0812	0.0952	0.1042	0.1102	0.1386	0.1411	0.1379	0.123	0.1467	0.1446	0.3483	0.2357	0.47803947	0.05488851
9.5	55.5	77.93676870618775	29.794288512480115	0.0812	0.096	0.1023	0.125	0.1386	0.1411	0.1379	0.1372	0.1467	0.1446	0.3483	0.2357	0.4348095	0.04652936
10.5	55.5	77.93686094588253	29.794288512480115	0.0812	0.096	0.1023	0.125	0.1386	0.1411	0.1379	0.1372	0.1467	0.1446	0.3483	0.2357	0.4348095	0.04652936
11.5	55.5	77.93695318557731	29.794288512480115	0.0835	0.0956	0.1036	0.142	0.1622	0.164	0.1636	0.1609	0.1605	0.1564	0.3591	0.2568	0.38115388	0.062396806
12.5	55.5	77.93704542527207	29.794288512480115	0.0835	0.0971	0.1096	0.1288	0.1622	0.164	0.1636	0.1456	0.1605	0.1564	0.3591	0.2568	0.42302358	0.06122449
6.5	56.5	77.93649198710342	29.79419627278534	0.0815	0.0878	0.098	0.1166	0.1406	0.1444	0.1483	0.1347	0.1453	0.1446	0.3348	0.2366	0.4261981	0.07202547
7.5	56.5	77.9365842267982	29.79419627278534	0.0815	0.0898	0.0988	0.1238	0.1406	0.1444	0.1483	0.1445	0.1453	0.1446	0.3348	0.2366	0.39703736	0.07715244
8.5	56.5	77.93667646649297	29.79419627278534	0.0833	0.0964	0.1032	0.1192	0.1395	0.1453	0.1449	0.1344	0.1391	0.1446	0.344	0.2294	0.43812713	0.059936896
9.5	56.5	77.93676870618775	29.79419627278534	0.0833	0.0938	0.105	0.1134	0.1395	0.1453	0.1449	0.1158	0.1391	0.1446	0.344	0.2294	0.49630275	0.010471219
10.5	56.5	77.93686094588253	29.79419627278534	0.0833	0.0938	0.105	0.1134	0.1395	0.1453	0.1449	0.1158	0.1391	0.1446	0.344	0.2294	0.49630275	0.010471219
11.5	56.5	77.93695318557731	29.79419627278534	0.0861	0.0938	0.1032	0.1212	0.1361	0.1465	0.1511	0.1355	0.1364	0.1564	0.3478	0.2267	0.43927166	0.055707037
12.5	56.5	77.93704542527207	29.79419627278534	0.0861	0.0947	0.1058	0.1376	0.1361	0.1465	0.1511	0.1531	0.1364	0.1564	0.3478	0.2267	0.38870034	0.05331955
5.5	57.5	77.93639974740864	29.794104033090562	0.08	0.0796	0.0884	0.1112	0.1257	0.1306	0.1269	0.1252	0.1316	0.1446	0.3011	0.2072	0.4126202	0.059221685
6.5	57.5	77.93649198710342	29.794104033090562	0.0815	0.0862	0.0994	0.1202	0.1406	0.1444	0.1483	0.135	0.1453	0.1446	0.3348	0.2366	0.42528734	0.057993747
7.5	57.5	77.9365842267982	29.794104033090562	0.0815	0.0918	0.0999	0.1294	0.1406	0.1444	0.1483	0.143	0.1453	0.1446	0.3348	0.2366	0.4014232	0.0499266
8.5	57.5	77.93667646649297	29.794104033090562	0.0833	0.0925	0.1022	0.1318	0.1395	0.1453	0.1449	0.1462	0.1391	0.1446	0.344	0.2294	0.40350878	0.051798582
9.5	57.5	77.93676870618775	29.794104033090562	0.0833	0.0956	0.1062	0.118	0.1395	0.1453	0.1449	0.1338	0.1391	0.1446	0.344	0.2294	0.43993303	0.06274821
10.5	57.5	77.93686094588253	29.794104033090562	0.0833	0.0956	0.1062	0.118	0.1395	0.1453	0.1449	0.1338	0.1391	0.1446	0.344	0.2294	0.43993303	0.06274821
11.5	57.5	77.93695318557731	29.794104033090562	0.0861	0.0966	0.1034	0.108	0.1361	0.1465	0.1511	0.1225	0.1364	0.1564	0.3478	0.2267	0.4790559	0.06290672
12.5	57.5	77.93704542527207	29.794104033090562	0.0861	0.0928	0.104	0.1252	0.1361	0.1465	0.1511	0.1345	0.1364	0.1564	0.3478	0.2267	0.44225585	0.035810526
13.5	57.5	77.93713766496685	29.794104033090562	0.089	0.093	0.1056	0.1396	0.1603	0.159	0.1531	0.1525	0.1586	0.1564	0.3545	0.2535	0.39842206	0.044162992
4.5	58.5	77.93630750771386	29.794011793395786	0.0861	0.079	0.0896	0.1082	0.1279	0.1397	0.1379	0.1238	0.1329	0.1421	0.2885	0.2029	0.39946643	0.06724139
5.5	58.5	77.93639974740864	29.794011793395786	0.0861	0.0808	0.0892	0.1156	0.1279	0.1397	0.1379	0.13	0.1329	0.1421	0.2885	0.2029	0.3787336	0.058631916
6.5	58.5	77.93649198710342	29.794011793395786	0.0854	0.085	0.0978	0.1184	0.1336	0.1417	0.1419	0.1322	0.1401	0.1421	0.3189	0.226	0.41387716	0.05506785
7.5	58.5	77.9365842267982	29.794011793395786	0.0854	0.0905	0.1036	0.1226	0.1336	0.1417	0.1419	0.1353	0.1401	0.1421	0.3189	0.226	0.40422723	0.04924389
8.5	58.5	77.93667646649297	29.794011793395786	0.0864	0.0972	0.1018	0.131	0.1448	0.1514	0.1491	0.1486	0.1445	0.1421	0.3418	0.2396	0.3939641	0.062947065
9.5	58.5	77.93676870618775	29.794011793395786	0.0864	0.0912	0.1034	0.1378	0.1448	0.1514	0.1491	0.1524	0.1445	0.1421	0.3418	0.2396	0.38324565	0.05031016
10.5	58.5	77.93686094588253	29.794011793395786	0.0864	0.0912	0.1034	0.1378	0.1448	0.1514	0.1491	0.1524	0.1445	0.1421	0.3418	0.2396	0.38324565	0.05031016
11.5	58.5	77.93695318557731	29.794011793395786	0.0882	0.095	0.1034	0.1228	0.1444	0.1437	0.1425	0.1342	0.1431	0.1577	0.3451	0.2361	0.44001666	0.044358
12.5	58.5	77.93704542527207	29.794011793395786	0.0882	0.0986	0.1026	0.1108	0.1444	0.1437	0.1425	0.1196	0.1431	0.1577	0.3451	0.2361	0.4852593	0.038194444
13.5	58.5	77.93713766496685	29.794011793395786	0.091	0.0958	0.1052	0.1222	0.1444	0.1479	0.1433	0.1344	0.1428	0.1577	0.3428	0.2316	0.43671417	0.04754481
14.5	58.5	77.93722990466163	29.794011793395786	0.091	0.092	0.1076	0.141	0.1444	0.1479	0.1433	0.1588	0.1428	0.1577	0.3428	0.2316	0.36682612	0.059372924
6.5	59.5	77.93649198710342	29.79391955370101	0.0854	0.0912	0.099	0.114	0.1336	0.1417	0.1419	0.1316	0.1401	0.1421	0.3189	0.226	0.41576022	0.07166126
7.5	59.5	77.9365842267982	29.79391955370101	0.0854	0.0912	0.1026	0.1192	0.1336	0.1417	0.1419	0.131	0.1401	0.1421	0.3189	0.226	0.41764838	0.047162265
8.5	59.5	77.93667646649297	29.79391955370101	0.0864	0.0984	0.1018	0.1256	0.1448	0.1514	0.1491	0.1388	0.1445	0.1421	0.3418	0.2396	0.4223887	0.04992436
9.5	59.5	77.93676870618775	29.79391955370101	0.0864	0.0924	0.1032	0.1272	0.1448	0.1514	0.1491	0.1434	0.1445	0.1421	0.3418	0.2396	0.40890357	0.059866928
10.5	59.5	77.93686094588253	29.79391955370101	0.0882	0.0944	0.1024	0.1352	0.1444	0.1437	0.1425	0.151	0.1431	0.1577	0.3451	0.2361	0.39125177	0.05520615
11.5	59.5	77.93695318557731	29.79391955370101	0.0882	0.0944	0.1024	0.1352	0.1444	0.1437	0.1425	0.151	0.1431	0.1577	0.3451	0.2361	0.39125177	0.05520615
12.5	59.5	77.93704542527207	29.79391955370101	0.0882	0.1038	0.1092	0.1284	0.1444	0.1437	0.1425	0.1442	0.1431	0.1577	0.3451	0.2361	0.41058654	0.05796038
13.5	59.5	77.93713766496685	29.79391955370101	0.091	0.1034	0.1072	0.117	0.1444	0.1479	0.1433	0.126	0.1428	0.1577	0.3428	0.2316	0.46245733	0.037037052
7.5	60.5	77.9365842267982	29.793827314006233	0.0903	0.0938	0.0984	0.1124	0.1226	0.1307	0.1309	0.1232	0.1286	0.1421	0.3053	0.2017	0.42497084	0.045840394
8.5	60.5	77.93667646649297	29.793827314006233	0.0896	0.0958	0.1036	0.1216	0.1358	0.143	0.1401	0.1324	0.1381	0.1421	0.3213	0.2225	0.4163544	0.0425197
9.5	60.5	77.93676870618775	29.793827314006233	0.0896	0.0932	0.104	0.1272	0.1358	0.143	0.1401	0.1404	0.1381	0.1421	0.3213	0.2225	0.39181283	0.04932735
10.5	60.5	77.93686094588253	29.793827314006233	0.09	0.093	0.1066	0.1334	0.1457	0.1564	0.1572	0.1488	0.1476	0.1577	0.3385	0.2355	0.3892879	0.054571252
11.5	60.5	77.93695318557731	29.793827314006233	0.09	0.093	0.1066	0.1334	0.1457	0.1564	0.1572	0.1488	0.1476	0.1577	0.3385	0.2355	0.3892879	0.054571252
12.5	60.5	77.93704542527207	29.793827314006233	0.09	0.0985	0.1034	0.1394	0.1457	0.1564	0.1572	0.1566	0.1476	0.1577	0.3385	0.2355	0.36740053	0.058108084
13.5	60.5	77.93713766496685	29.793827314006233	0.0918	0.1009	0.1064	0.127	0.14	0.1466	0.1531	0.1404	0.1431	0.1577	0.3376	0.2312	0.41255227	0.050112203
8.5	61.5	77.93667646649297	29.793735074311456	0.0896	0.0958	0.0999	0.1122	0.1358	0.143	0.1401	0.1239	0.1381	0.1421	0.3213	0.2225	0.44339624	0.04955526
9.5	61.5	77.93676870618775	29.793735074311456	0.0896	0.093	0.1032	0.118	0.1358	0.143	0.1401	0.1273	0.1381	0.1421	0.3213	0.2225	0.43245655	0.037912734
10.5	61.5	77.93686094588253	29.793735074311456	0.09	0.0969	0.11	0.1266	0.1457	0.1564	0.1572	0.1407	0.1476	0.1577	0.3385	0.2355	0.41277128	0.052749723
11.5	61.5	77.93695318557731	29.793735074311456	0.09	0.0969	0.11	0.1266	0.1457	0.1564	0.1572	0.1407	0.1476	0.1577	0.3385	0.2355	0.41277128	0.052749723
12.5	61.5	77.93704542527207	29.793735074311456	0.09	0.094	0.1036	0.1338	0.1457	0.1564	0.1572	0.1463	0.1476	0.1577	0.3385	0.2355	0.39645213	0.04462693
9.5	62.5	77.93676870618775	29.79364283461668	0.0938	0.0964	0.1022	0.1134	0.1253	0.1281	0.134	0.1266	0.1313	0.1421	0.3023	0.2006	0.40965262	0.055
10.5	62.5	77.93686094588253	29.79364283461668	0.091	0.1019	0.1056	0.1238	0.1369	0.1404	0.1381	0.1299	0.1433	0.1577	0.3207	0.2252	0.42343542	0.024044113
11.5	62.5	77.93695318557731	29.79364283461668	0.091	0.1019	0.1056	0.1238	0.1369	0.1404	0.1381	0.1299	0.1433	0.1577	0.3207	0.2252	0.42343542	0.024044113
11.5	63.5	77.93695318557731	29.793550594921903	0.091	0.1023	0.1068	0.1226	0.1369	0.1404	0.1381	0.1381	0.1433	0.1577	0.3207	0.2252	0.39799476	0.05945532
21.5	67.5	77.93787558252507	29.793181636142798	0.0856	0.0761	0.0959	0.1456	0.1477	0.1814	0.1928	0.1774	0.1791	0.2088	0.239	0.2044	0.14793468	0.09845197
22.5	67.5	77.93796782221985	29.793181636142798	0.0856	0.0761	0.0959	0.1456	0.1477	0.1814	0.1928	0.1774	0.1791	0.2088	0.239	0.2044	0.14793468	0.09845197
19.5	68.5	77.93769110313552	29.79308939644802	0.0833	0.0748	0.0996	0.1056	0.1467	0.1934	0.207	0.2152	0.2158	0.2088	0.218	0.177	0.006463499	0.3416459
20.5	68.5	77.93778334283029	29.79308939644802	0.0833	0.0694	0.0854	0.1196	0.1467	0.1934	0.207	0.189	0.2158	0.2088	0.218	0.177	0.07125307	0.22488658
21.5	68.5	77.93787558252507	29.79308939644802	0.0861	0.0754	0.0921	0.1496	0.1628	0.1841	0.1881	0.1802	0.1974	0.2088	0.2442	0.2149	0.15080115	0.092783496
22.5	68.5	77.93796782221985	29.79308939644802	0.0861	0.0754	0.0921	0.1496	0.1628	0.1841	0.1881	0.1802	0.1974	0.2088	0.2442	0.2149	0.15080115	0.092783496
18.5	69.5	77.93759886344074	29.792997156753245	0.0871	0.0883	0.1276	0.1346	0.1492	0.1801	0.1968	0.1936	0.1906	0.2088	0.2244	0.181	0.07368421	0.17976844
19.5	69.5	77.93769110313552	29.792997156753245	0.0833	0.0688	0.1046	0.0975	0.1467	0.1934	0.207	0.2354	0.2158	0.2088	0.218	0.177	-0.038376734	0.41423854
20.5	69.5	77.93778334283029	29.792997156753245	0.0833	0.0709	0.0875	0.0952	0.1467	0.1934	0.207	0.2087	0.2158	0.2088	0.218	0.177	0.021795157	0.3734781
21.5	69.5	77.93787558252507	29.792997156753245	0.0861	0.0792	0.0914	0.1242	0.1628	0.1841	0.1881	0.1714	0.1974	0.2088	0.2442	0.2149	0.17516845	0.15967523
22.5	69.5	77.93796782221985	29.792997156753245	0.0861	0.0792	0.0914	0.1242	0.1628	0.1841	0.1881	0.1714	0.1974	0.2088	0.2442	0.2149	0.17516845	0.15967523
23.5	69.5	77.93806006191463	29.792997156753245	0.0861	0.0758	0.0914	0.1242	0.1628	0.1841	0.1881	0.1791	0.1974	0.2088	0.2442	0.2149	0.15379164	0.18100892
17.5	70.5	77.93750662374596	29.79290491705847	0.1003	0.0751	0.0919	0.1078	0.1346	0.1456	0.1554	0.1346	0.1541	0.1999	0.2422	0.1837	0.28556263	0.11056105
18.5	70.5	77.93759886344074	29.79290491705847	0.1003	0.0882	0.098	0.1216	0.1346	0.1456	0.1554	0.1536	0.1541	0.1999	0.2422	0.1837	0.22385041	0.11627909
19.5	70.5	77.93769110313552	29.79290491705847	0.0934	0.0958	0.1146	0.1268	0.1415	0.1872	0.1943	0.2092	0.2062	0.1999	0.22	0.1687	0.025163105	0.24523808
20.5	70.5	77.93778334283029	29.79290491705847	0.0934	0.0808	0.106	0.108	0.1415	0.1872	0.1943	0.2481	0.2062	0.1999	0.22	0.1687	-0.060029905	0.3934288
21.5	70.5	77.93787558252507	29.79290491705847	0.0903	0.0714	0.0858	0.0958	0.1663	0.2088	0.2239	0.2094	0.2282	0.1999	0.2382	0.1981	0.064343154	0.37221494
22.5	70.5	77.93796782221985	29.79290491705847	0.0903	0.0849	0.1058	0.1416	0.1663	0.2088	0.2239	0.203	0.2282	0.1999	0.2382	0.1981	0.07978241	0.1781776
23.5	70.5	77.93806006191463	29.79290491705847	0.0903	0.0849	0.1058	0.1416	0.1663	0.2088	0.2239	0.203	0.2282	0.1999	0.2382	0.1981	0.07978241	0.1781776
24.5	70.5	77.93815230160939	29.79290491705847	0.0895	0.1022	0.11	0.139	0.1745	0.214	0.2332	0.211	0.2278	0.2501	0.2611	0.2186	0.106121585	0.20571429
16.5	71.5	77.93741438405118	29.792812677363692	0.109	0.0886	0.1092	0.126	0.1527	0.1564	0.1553	0.1448	0.1654	0.1973	0.268	0.2091	0.2984496	0.069423944
17.5	71.5	77.93750662374596	29.792812677363692	0.1003	0.0857	0.1016	0.1118	0.1346	0.1456	0.1554	0.1334	0.1541	0.1999	0.2422	0.1837	0.2896699	0.08809133
18.5	71.5	77.93759886344074	29.792812677363692	0.1003	0.072	0.0886	0.102	0.1346	0.1456	0.1554	0.1292	0.1541	0.1999	0.2422	0.1837	0.3042542	0.11764705
19.5	71.5	77.93769110313552	29.792812677363692	0.0934	0.0811	0.1044	0.12	0.1415	0.1872	0.1943	0.1562	0.2062	0.1999	0.22	0.1687	0.16959062	0.13106447
20.5	71.5	77.93778334283029	29.792812677363692	0.0934	0.0904	0.1188	0.137	0.1415	0.1872	0.1943	0.2018	0.2062	0.1999	0.22	0.1687	0.0431484	0.1912633
21.5	71.5	77.93787558252507	29.792812677363692	0.0903	0.0832	0.103	0.116	0.1663	0.2088	0.2239	0.2222	0.2282	0.1999	0.2382	0.1981	0.03475236	0.3140154
22.5	71.5	77.93796782221985	29.792812677363692	0.0903	0.0948	0.1126	0.1616	0.1663	0.2088	0.2239	0.233	0.2282	0.1999	0.2382	0.1981	0.011035651	0.18094273
23.5	71.5	77.93806006191463	29.792812677363692	0.0903	0.0948	0.1126	0.1616	0.1663	0.2088	0.2239	0.233	0.2282	0.1999	0.2382	0.1981	0.011035651	0.18094273
24.5	71.5	77.93815230160939	29.792812677363692	0.0895	0.1394	0.1374	0.2154	0.1745	0.214	0.2332	0.2592	0.2278	0.2501	0.2611	0.2186	0.0036517153	0.09228826
25.5	71.5	77.93824454130417	29.792812677363692	0.0895	0.1058	0.1108	0.142	0.1745	0.214	0.2332	0.2115	0.2278	0.2501	0.2611	0.2186	0.104951315	0.19660537
15.5	72.5	77.93732214435641	29.792720437668915	0.1176	0.1624	0.1878	0.1976	0.1931	0.1988	0.2001	0.2001	0.1898	0.1973	0.2525	0.2114	0.1157755	0.006286139
16.5	72.5	77.93741438405118	29.792720437668915	0.1176	0.1152	0.129	0.1526	0.1931	0.1988	0.2001	0.1679	0.1898	0.1973	0.2525	0.2114	0.20123692	0.04773788
17.5	72.5	77.93750662374596	29.792720437668915	0.1088	0.0962	0.104	0.128	0.1497	0.1602	0.1648	0.1466	0.1611	0.1999	0.2606	0.2001	0.27996072	0.06773484
18.5	72.5	77.93759886344074	29.792720437668915	0.1088	0.0861	0.0966	0.1188	0.1497	0.1602	0.1648	0.1392	0.1611	0.1999	0.2606	0.2001	0.3036518	0.07906978
19.5	72.5	77.93769110313552	29.792720437668915	0.1007	0.0778	0.0907	0.1078	0.1327	0.147	0.148	0.1317	0.1513	0.1999	0.235	0.1772	0.28170168	0.099791214
20.5	72.5	77.93778334283029	29.792720437668915	0.1007	0.0819	0.1086	0.1156	0.1327	0.147	0.148	0.1489	0.1513	0.1999	0.235	0.1772	0.22427715	0.12589794
21.5	72.5	77.93787558252507	29.792720437668915	0.0942	0.095	0.1166	0.1262	0.1392	0.1794	0.2005	0.1922	0.2074	0.1999	0.2178	0.1749	0.062439024	0.20728642
22.5	72.5	77.93796782221985	29.792720437668915	0.0942	0.077	0.1	0.1272	0.1392	0.1794	0.2005	0.23	0.2074	0.1999	0.2178	0.1749	-0.0272443	0.28779393
23.5	72.5	77.93806006191463	29.792720437668915	0.0942	0.077	0.1	0.1272	0.1392	0.1794	0.2005	0.23	0.2074	0.1999	0.2178	0.1749	-0.0272443	0.28779393
24.5	72.5	77.93815230160939	29.792720437668915	0.0885	0.1018	0.1178	0.1678	0.1541	0.2361	0.2428	0.2685	0.2571	0.2501	0.2208	0.1727	-0.09748621	0.2308045
25.5	72.5	77.93824454130417	29.792720437668915	0.0885	0.0946	0.1128	0.118	0.1541	0.2361	0.2428	0.275	0.2571	0.2501	0.2208	0.1727	-0.10931829	0.3994911
14.5	73.5	77.93722990466163	29.79262819797414	0.1225	0.191	0.221	0.2032	0.2412	0.2458	0.2418	0.195	0.2166	0.1973	0.2563	0.2236	0.13582985	-0.02059268
15.5	73.5	77.93732214435641	29.79262819797414	0.1176	0.193	0.2138	0.2014	0.1931	0.1988	0.2001	0.1896	0.1898	0.1973	0.2525	0.2114	0.14227548	-0.030179005
16.5	73.5	77.93741438405118	29.79262819797414	0.1176	0.1626	0.184	0.1822	0.1931	0.1988	0.2001	0.1889	0.1898	0.1973	0.2525	0.2114	0.144087	0.018054418
17.5	73.5	77.93750662374596	29.79262819797414	0.1088	0.115	0.1328	0.151	0.1497	0.1602	0.1648	0.1708	0.1611	0.1999	0.2606	0.2001	0.20815948	0.061528925
18.5	73.5	77.93759886344074	29.79262819797414	0.1088	0.0952	0.1086	0.1294	0.1497	0.1602	0.1648	0.1566	0.1611	0.1999	0.2606	0.2001	0.24928093	0.09510489
19.5	73.5	77.93769110313552	29.79262819797414	0.1007	0.0844	0.098	0.1144	0.1327	0.147	0.148	0.14	0.1513	0.1999	0.235	0.1772	0.25333333	0.100628935
20.5	73.5	77.93778334283029	29.79262819797414	0.1007	0.0749	0.0858	0.1044	0.1327	0.147	0.148	0.1309	0.1513	0.1999	0.235	0.1772	0.28450397	0.112622164
21.5	73.5	77.93787558252507	29.79262819797414	0.0942	0.0822	0.095	0.1108	0.1392	0.1794	0.2005	0.151	0.2074	0.1999	0.2178	0.1749	0.18112803	0.15355232
22.5	73.5	77.93796782221985	29.79262819797414	0.0942	0.0822	0.0937	0.0965	0.1392	0.1794	0.2005	0.1974	0.2074	0.1999	0.2178	0.1749	0.049132954	0.34331405
23.5	73.5	77.93806006191463	29.79262819797414	0.0942	0.0822	0.0937	0.0965	0.1392	0.1794	0.2005	0.1974	0.2074	0.1999	0.2178	0.1749	0.049132954	0.34331405
24.5	73.5	77.93815230160939	29.79262819797414	0.0885	0.0585	0.0838	0.0862	0.1541	0.2361	0.2428	0.2452	0.2571	0.2501	0.2208	0.1727	-0.05236051	0.47978273
25.5	73.5	77.93824454130417	29.79262819797414	0.0885	0.0605	0.0796	0.076	0.1541	0.2361	0.2428	0.2498	0.2571	0.2501	0.2208	0.1727	-0.061623458	0.5334561
26.5	73.5	77.93833678099895	29.79262819797414	0.0845	0.0586	0.083	0.077	0.1626	0.2225	0.2458	0.193	0.2517	0.2501	0.2168	0.165	0.05807711	0.42962965
42.5	73.5	77.93981261611538	29.79262819797414	0.0895	0.1044	0.1276	0.2054	0.2236	0.2369	0.2349	0.2469	0.2312	0.2248	0.3306	0.3315	0.14493504	0.09175327
12.5	74.5	77.93704542527207	29.792535958279363	0.1171	0.1648	0.1802	0.1908	0.1958	0.201	0.1978	0.2071	0.1949	0.1973	0.2132	0.1953	0.01451344	0.040965088
13.5	74.5	77.93713766496685	29.792535958279363	0.1171	0.1788	0.2056	0.199	0.1958	0.201	0.1978	0.2013	0.1949	0.1973	0.2132	0.1953	0.028709307	0.0057456763
14.5	74.5	77.93722990466163	29.792535958279363	0.1171	0.1788	0.2056	0.199	0.1958	0.201	0.1978	0.2013	0.1949	0.1973	0.2132	0.1953	0.028709307	0.0057456763
15.5	74.5	77.93732214435641	29.792535958279363	0.1149	0.2048	0.2222	0.2062	0.2099	0.2098	0.2053	0.1906	0.1989	0.1973	0.2254	0.2004	0.08365387	-0.039314542
16.5	74.5	77.93741438405118	29.792535958279363	0.1149	0.1918	0.2092	0.1936	0.2099	0.2098	0.2053	0.1881	0.1989	0.1973	0.2254	0.2004	0.09020558	-0.014409232
17.5	74.5	77.93750662374596	29.792535958279363	0.1086	0.1552	0.1774	0.186	0.1917	0.2031	0.1968	0.1948	0.1906	0.1999	0.2463	0.207	0.116753556	0.023109242
18.5	74.5	77.93759886344074	29.792535958279363	0.1086	0.1154	0.1378	0.149	0.1917	0.2031	0.1968	0.1726	0.1906	0.1999	0.2463	0.207	0.17593697	0.07338308
19.5	74.5	77.93769110313552	29.792535958279363	0.1026	0.0946	0.1072	0.1256	0.158	0.1697	0.1647	0.143	0.1654	0.1999	0.258	0.1989	0.286783	0.064780384
20.5	74.5	77.93778334283029	29.792535958279363	0.1026	0.0889	0.0972	0.116	0.158	0.1697	0.1647	0.1347	0.1654	0.1999	0.258	0.1989	0.3139801	0.07459116
21.5	74.5	77.93787558252507	29.792535958279363	0.0965	0.0722	0.0914	0.1019	0.1424	0.1907	0.2142	0.139	0.2071	0.1999	0.2266	0.1693	0.23960614	0.15400583
22.5	74.5	77.93796782221985	29.792535958279363	0.0965	0.0574	0.0809	0.083	0.1424	0.1907	0.2142	0.185	0.2071	0.1999	0.2266	0.1693	0.101069	0.38059703
23.5	74.5	77.93806006191463	29.792535958279363	0.0905	0.0736	0.0944	0.1011	0.1373	0.2278	0.242	0.2349	0.2696	0.2501	0.2035	0.1517	-0.07162408	0.39821428
24.5	74.5	77.93815230160939	29.792535958279363	0.0905	0.0736	0.0944	0.1011	0.1373	0.2278	0.242	0.2349	0.2696	0.2501	0.2035	0.1517	-0.07162408	0.39821428
25.5	74.5	77.93824454130417	29.792535958279363	0.0905	0.0736	0.0918	0.0903	0.1373	0.2278	0.242	0.2565	0.2696	0.2501	0.2035	0.1517	-0.115217395	0.47923875
26.5	74.5	77.93833678099895	29.792535958279363	0.0868	0.0594	0.0785	0.0716	0.1389	0.2098	0.2352	0.2374	0.2418	0.2501	0.2165	0.1668	-0.046045378	0.5365696
27.5	74.5	77.93842902069373	29.792535958279363	0.0868	0.0695	0.0881	0.0938	0.1389	0.2098	0.2352	0.2132	0.2418	0.2501	0.2165	0.1668	0.007679768	0.38892508
41.5	74.5	77.9397203764206	29.792535958279363	0.0895	0.0836	0.114	0.192	0.2236	0.2369	0.2349	0.2276	0.2312	0.2248	0.3306	0.3315	0.18452168	0.08484269
42.5	74.5	77.93981261611538	29.792535958279363	0.0895	0.0836	0.114	0.192	0.2236	0.2369	0.2349	0.2276	0.2312	0.2248	0.3306	0.3315	0.18452168	0.08484269
43.5	74.5	77.93990485581016	29.792535958279363	0.0895	0.1128	0.1294	0.1942	0.2236	0.2369	0.2349	0.239	0.2312	0.2248	0.3306	0.3315	0.16081461	0.103416435
11.5	75.5	77.93695318557731	29.792443718584586	0.1121	0.1046	0.1208	0.1306	0.1802	0.1933	0.2009	0.1585	0.1921	0.1973	0.2305	0.2158	0.18508996	0.09650638
12.5	75.5	77.93704542527207	29.792443718584586	0.1171	0.1298	0.1434	0.1544	0.1958	0.201	0.1978	0.181	0.1949	0.1973	0.2132	0.1953	0.08168445	0.07930826
13.5	75.5	77.93713766496685	29.792443718584586	0.1171	0.1506	0.176	0.1832	0.1958	0.201	0.1978	0.2004	0.1949	0.1973	0.2132	0.1953	0.030947795	0.044838354
14.5	75.5	77.93722990466163	29.792443718584586	0.1149	0.191	0.2176	0.202	0.2099	0.2098	0.2053	0.1977	0.1989	0.1973	0.2254	0.2004	0.065469176	-0.010758102
15.5	75.5	77.93732214435641	29.792443718584586	0.1149	0.191	0.2176	0.202	0.2099	0.2098	0.2053	0.1977	0.1989	0.1973	0.2254	0.2004	0.065469176	-0.010758102
16.5	75.5	77.93741438405118	29.792443718584586	0.1149	0.1948	0.2238	0.2062	0.2099	0.2098	0.2053	0.1967	0.1989	0.1973	0.2254	0.2004	0.06799335	-0.023579044
17.5	75.5	77.93750662374596	29.792443718584586	0.1086	0.1898	0.2178	0.2016	0.1917	0.2031	0.1968	0.2009	0.1906	0.1999	0.2463	0.207	0.10152056	-0.0017391228
18.5	75.5	77.93759886344074	29.792443718584586	0.1086	0.1386	0.1534	0.1642	0.1917	0.2031	0.1968	0.1904	0.1906	0.1999	0.2463	0.207	0.12800547	0.073886104
19.5	75.5	77.93769110313552	29.792443718584586	0.1026	0.123	0.1378	0.1668	0.158	0.1697	0.1647	0.1834	0.1654	0.1999	0.258	0.1989	0.16900766	0.047401477
20.5	75.5	77.93778334283029	29.792443718584586	0.1026	0.0949	0.1092	0.134	0.158	0.1697	0.1647	0.154	0.1654	0.1999	0.258	0.1989	0.25242716	0.06944443
21.5	75.5	77.93787558252507	29.792443718584586	0.0965	0.1058	0.1224	0.1422	0.1424	0.1907	0.2142	0.1832	0.2071	0.1999	0.2266	0.1693	0.10590533	0.1259988
22.5	75.5	77.93796782221985	29.792443718584586	0.0965	0.0794	0.0991	0.1013	0.1424	0.1907	0.2142	0.2577	0.2071	0.1999	0.2266	0.1693	-0.064216375	0.43565458
23.5	75.5	77.93806006191463	29.792443718584586	0.0905	0.0863	0.1044	0.1028	0.1373	0.2278	0.242	0.2667	0.2696	0.2501	0.2035	0.1517	-0.13441089	0.4435724
24.5	75.5	77.93815230160939	29.792443718584586	0.0905	0.0863	0.1044	0.1028	0.1373	0.2278	0.242	0.2667	0.2696	0.2501	0.2035	0.1517	-0.13441089	0.4435724
25.5	75.5	77.93824454130417	29.792443718584586	0.0905	0.0892	0.1158	0.1164	0.1373	0.2278	0.242	0.2329	0.2696	0.2501	0.2035	0.1517	-0.067369364	0.33352417
26.5	75.5	77.93833678099895	29.792443718584586	0.0868	0.0846	0.1062	0.1136	0.1389	0.2098	0.2352	0.2542	0.2418	0.2501	0.2165	0.1668	-0.0800935	0.382273
27.5	75.5	77.93842902069373	29.792443718584586	0.0868	0.1088	0.1228	0.1396	0.1389	0.2098	0.2352	0.2404	0.2418	0.2501	0.2165	0.1668	-0.052309044	0.26526317
28.5	75.5	77.9385212603885	29.792443718584586	0.0872	0.1064	0.1324	0.1442	0.1566	0.2063	0.2215	0.2483	0.2353	0.2501	0.2201	0.177	-0.060204953	0.26522294
40.5	75.5	77.93962813672582	29.792443718584586	0.103	0.0902	0.105	0.1242	0.1552	0.1886	0.2067	0.1572	0.1979	0.2248	0.2118	0.1859	0.14796749	0.11727076
41.5	75.5	77.9397203764206	29.792443718584586	0.0998	0.1034	0.129	0.1804	0.2366	0.2539	0.2485	0.2236	0.2435	0.2248	0.312	0.3093	0.16504855	0.106930695
42.5	75.5	77.93981261611538	29.792443718584586	0.0998	0.1034	0.129	0.1804	0.2366	0.2539	0.2485	0.2236	0.2435	0.2248	0.312	0.3093	0.16504855	0.106930695
43.5	75.5	77.93990485581016	29.792443718584586	0.0998	0.1208	0.1578	0.2156	0.2366	0.2539	0.2485	0.2652	0.2435	0.2248	0.312	0.3093	0.081081115	0.10316138
44.5	75.5	77.93999709550492	29.792443718584586	0.0948	0.115	0.1422	0.1854	0.2316	0.2439	0.2505	0.2314	0.26	0.2284	0.3454	0.3456	0.19764218	0.1103647
10.5	76.5	77.93686094588253	29.79235147888981	0.0975	0.1092	0.1214	0.1416	0.1673	0.1958	0.1949	0.1855	0.1972	0.1861	0.2266	0.2178	0.0997331	0.13420972
11.5	76.5	77.93695318557731	29.79235147888981	0.0975	0.101	0.1152	0.1324	0.1673	0.1958	0.1949	0.1666	0.1972	0.1861	0.2266	0.2178	0.1525941	0.11438126
12.5	76.5	77.93704542527207	29.79235147888981	0.1047	0.1082	0.1178	0.1254	0.1591	0.173	0.1721	0.1528	0.1656	0.1861	0.2014	0.1896	0.13721062	0.098490246
13.5	76.5	77.93713766496685	29.79235147888981	0.1047	0.1278	0.1384	0.1418	0.1591	0.173	0.1721	0.1692	0.1656	0.1861	0.2014	0.1896	0.086886115	0.0881029
14.5	76.5	77.93722990466163	29.79235147888981	0.1062	0.1524	0.1712	0.1716	0.1679	0.1725	0.1776	0.1825	0.1628	0.1861	0.1942	0.1742	0.03105917	0.03078228
15.5	76.5	77.93732214435641	29.79235147888981	0.1062	0.1524	0.1712	0.1716	0.1679	0.1725	0.1776	0.1825	0.1628	0.1861	0.1942	0.1742	0.03105917	0.03078228
16.5	76.5	77.93741438405118	29.79235147888981	0.1062	0.1846	0.1996	0.1902	0.1679	0.1725	0.1776	0.1902	0.1628	0.1861	0.1942	0.1742	0.01040581	0.0
17.5	76.5	77.93750662374596	29.79235147888981	0.1043	0.1548	0.1782	0.1664	0.2029	0.2111	0.1885	0.1777	0.1862	0.1836	0.2068	0.187	0.07568271	0.032839283
18.5	76.5	77.93759886344074	29.79235147888981	0.1043	0.1516	0.1636	0.1636	0.2029	0.2111	0.1885	0.1752	0.1862	0.1836	0.2068	0.187	0.08272251	0.034238495
19.5	76.5	77.93769110313552	29.79235147888981	0.1017	0.1742	0.2066	0.209	0.2084	0.2101	0.2151	0.2122	0.215	0.1836	0.2397	0.2098	0.060854178	0.0075973277
20.5	76.5	77.93778334283029	29.79235147888981	0.1017	0.129	0.1546	0.177	0.2084	0.2101	0.2151	0.2025	0.215	0.1836	0.2397	0.2098	0.08412484	0.06719367
21.5	76.5	77.93787558252507	29.79235147888981	0.0984	0.15	0.1716	0.189	0.172	0.2171	0.2378	0.2336	0.2367	0.1836	0.2272	0.1839	-0.013888897	0.105537176
22.5	76.5	77.93796782221985	29.79235147888981	0.0984	0.0956	0.1228	0.1236	0.172	0.2171	0.2378	0.2708	0.2367	0.1836	0.2272	0.1839	-0.087550186	0.37322515
23.5	76.5	77.93806006191463	29.79235147888981	0.0939	0.0758	0.0916	0.092	0.1645	0.2325	0.2426	0.2589	0.2609	0.2368	0.2201	0.1757	-0.081002064	0.47563407
24.5	76.5	77.93815230160939	29.79235147888981	0.0939	0.0758	0.0916	0.092	0.1645	0.2325	0.2426	0.2589	0.2609	0.2368	0.2201	0.1757	-0.081002064	0.47563407
25.5	76.5	77.93824454130417	29.79235147888981	0.0939	0.0997	0.1194	0.135	0.1645	0.2325	0.2426	0.2148	0.2609	0.2368	0.2201	0.1757	0.012186711	0.22813034
26.5	76.5	77.93833678099895	29.79235147888981	0.0929	0.1246	0.1462	0.1636	0.2049	0.2308	0.2462	0.2368	0.2557	0.2368	0.2445	0.2114	0.01599833	0.18281719
27.5	76.5	77.93842902069373	29.79235147888981	0.0929	0.1242	0.1522	0.168	0.2049	0.2308	0.2462	0.2488	0.2557	0.2368	0.2445	0.2114	-0.008716802	0.19385797
28.5	76.5	77.9385212603885	29.79235147888981	0.0971	0.1098	0.1382	0.1504	0.1905	0.2316	0.2509	0.2522	0.2668	0.2368	0.2498	0.2102	-0.004780898	0.25285646
29.5	76.5	77.93861350008328	29.79235147888981	0.0971	0.1048	0.1252	0.1346	0.1905	0.2316	0.2509	0.2464	0.2668	0.2368	0.2498	0.2102	0.0068520717	0.29343832
40.5	76.5	77.93962813672582	29.79235147888981	0.103	0.1478	0.1624	0.1804	0.1552	0.1886	0.2067	0.2173	0.1979	0.2248	0.2118	0.1859	-0.012817534	0.0927835
41.5	76.5	77.9397203764206	29.79235147888981	0.0998	0.1522	0.182	0.2082	0.2366	0.2539	0.2485	0.2533	0.2435	0.2248	0.312	0.3093	0.10383866	0.09772485
42.5	76.5	77.93981261611538	29.79235147888981	0.0998	0.161	0.175	0.2254	0.2366	0.2539	0.2485	0.2633	0.2435	0.2248	0.312	0.3093	0.08465149	0.07755269
43.5	76.5	77.93990485581016	29.79235147888981	0.0998	0.161	0.175	0.2254	0.2366	0.2539	0.2485	0.2633	0.2435	0.2248	0.312	0.3093	0.08465149	0.07755269
44.5	76.5	77.93999709550492	29.79235147888981	0.0948	0.1198	0.1362	0.2076	0.2316	0.2439	0.2505	0.2558	0.26	0.2284	0.3454	0.3456	0.14903526	0.10401383
45.5	76.5	77.9400893351997	29.79235147888981	0.0948	0.1144	0.1372	0.2184	0.2316	0.2439	0.2505	0.2679	0.26	0.2284	0.3454	0.3456	0.12636559	0.101789
11.5	77.5	77.93695318557731	29.792259239195033	0.0975	0.1042	0.1188	0.1418	0.1673	0.1958	0.1949	0.178	0.1972	0.1861	0.2266	0.2178	0.12011864	0.113195755
12.5	77.5	77.93704542527207	29.792259239195033	0.1047	0.1042	0.1136	0.1312	0.1591	0.173	0.1721	0.1643	0.1656	0.1861	0.2014	0.1896	0.10144928	0.11201352
13.5	77.5	77.93713766496685	29.792259239195033	0.1047	0.1048	0.1076	0.1178	0.1591	0.173	0.1721	0.1443	0.1656	0.1861	0.2014	0.1896	0.16517211	0.10110646
14.5	77.5	77.93722990466163	29.792259239195033	0.1062	0.103	0.1224	0.1262	0.1679	0.1725	0.1776	0.1458	0.1628	0.1861	0.1942	0.1742	0.14235294	0.07205878
15.5	77.5	77.93732214435641	29.792259239195033	0.1062	0.103	0.1224	0.1262	0.1679	0.1725	0.1776	0.1458	0.1628	0.1861	0.1942	0.1742	0.14235294	0.07205878
16.5	77.5	77.93741438405118	29.792259239195033	0.1062	0.118	0.14	0.1356	0.1679	0.1725	0.1776	0.1562	0.1628	0.1861	0.1942	0.1742	0.108447455	0.070596315
17.5	77.5	77.93750662374596	29.792259239195033	0.1043	0.1334	0.1482	0.151	0.2029	0.2111	0.1885	0.1682	0.1862	0.1836	0.2068	0.187	0.102933325	0.053884737
18.5	77.5	77.93759886344074	29.792259239195033	0.1043	0.2008	0.2082	0.2106	0.2029	0.2111	0.1885	0.2115	0.1862	0.1836	0.2068	0.187	-0.011235967	0.002132197
19.5	77.5	77.93769110313552	29.792259239195033	0.1017	0.2128	0.238	0.2368	0.2084	0.2101	0.2151	0.2336	0.215	0.1836	0.2397	0.2098	0.012888229	-0.0068027093
20.5	77.5	77.93778334283029	29.792259239195033	0.1017	0.1588	0.1884	0.1916	0.2084	0.2101	0.2151	0.2081	0.215	0.1836	0.2397	0.2098	0.07056721	0.04128099
21.5	77.5	77.93787558252507	29.792259239195033	0.0984	0.1246	0.1504	0.1632	0.172	0.2171	0.2378	0.2074	0.2367	0.1836	0.2272	0.1839	0.045559153	0.119266026
22.5	77.5	77.93796782221985	29.792259239195033	0.0984	0.0947	0.1178	0.1248	0.172	0.2171	0.2378	0.2239	0.2367	0.1836	0.2272	0.1839	0.007315443	0.28419846
23.5	77.5	77.93806006191463	29.792259239195033	0.0939	0.0916	0.1116	0.119	0.1645	0.2325	0.2426	0.2579	0.2609	0.2368	0.2201	0.1757	-0.079079494	0.36853275
24.5	77.5	77.93815230160939	29.792259239195033	0.0939	0.0916	0.1116	0.119	0.1645	0.2325	0.2426	0.2579	0.2609	0.2368	0.2201	0.1757	-0.079079494	0.36853275
25.5	77.5	77.93824454130417	29.792259239195033	0.0939	0.119	0.1396	0.152	0.1645	0.2325	0.2426	0.2364	0.2609	0.2368	0.2201	0.1757	-0.035706446	0.21730176
26.5	77.5	77.93833678099895	29.792259239195033	0.0929	0.1312	0.158	0.1714	0.2049	0.2308	0.2462	0.2322	0.2557	0.2368	0.2445	0.2114	0.02580239	0.15064421
27.5	77.5	77.93842902069373	29.792259239195033	0.0929	0.1396	0.1604	0.1896	0.2049	0.2308	0.2462	0.251	0.2557	0.2368	0.2445	0.2114	-0.0131180445	0.13935539
39.5	77.5	77.93953589703105	29.792259239195033	0.1174	0.151	0.1816	0.192	0.2056	0.2319	0.2377	0.2372	0.2437	0.2707	0.2486	0.2212	0.023466446	0.10531222
40.5	77.5	77.93962813672582	29.792259239195033	0.1174	0.1702	0.1932	0.206	0.2056	0.2319	0.2377	0.2588	0.2437	0.2707	0.2486	0.2212	-0.020102471	0.113597244
41.5	77.5	77.9397203764206	29.792259239195033	0.1111	0.1316	0.1676	0.1866	0.2068	0.2456	0.2553	0.2545	0.2566	0.2707	0.2724	0.2511	0.03397227	0.15393335
42.5	77.5	77.93981261611538	29.792259239195033	0.1111	0.13	0.1606	0.1686	0.2068	0.2456	0.2553	0.2158	0.2566	0.2707	0.2724	0.2511	0.11593607	0.12278879
43.5	77.5	77.93990485581016	29.792259239195033	0.1111	0.13	0.1606	0.1686	0.2068	0.2456	0.2553	0.2158	0.2566	0.2707	0.2724	0.2511	0.11593607	0.12278879
44.5	77.5	77.93999709550492	29.792259239195033	0.1005	0.1082	0.1328	0.168	0.2039	0.2263	0.2503	0.2004	0.2201	0.2231	0.286	0.2663	0.17598687	0.087947875
45.5	77.5	77.9400893351997	29.792259239195033	0.1005	0.1112	0.1322	0.2094	0.2039	0.2263	0.2503	0.2536	0.2201	0.2231	0.286	0.2663	0.060044497	0.09546437
46.5	77.5	77.94018157489448	29.792259239195033	0.092	0.1108	0.1302	0.1924	0.2199	0.2417	0.2313	0.241	0.2249	0.2231	0.304	0.2885	0.115596324	0.1121366
12.5	78.5	77.93704542527207	29.792166999500257	0.0919	0.1002	0.116	0.1412	0.1463	0.1676	0.1733	0.1818	0.1649	0.1861	0.2318	0.2278	0.120889775	0.12569655
13.5	78.5	77.93713766496685	29.792166999500257	0.0919	0.0924	0.1026	0.117	0.1463	0.1676	0.1733	0.1521	0.1649	0.1861	0.2318	0.2278	0.20760617	0.13043478
14.5	78.5	77.93722990466163	29.792166999500257	0.0958	0.0862	0.095	0.1078	0.123	0.1379	0.1425	0.1344	0.1336	0.1861	0.1929	0.1865	0.17873512	0.10982657
15.5	78.5	77.93732214435641	29.792166999500257	0.0958	0.0862	0.095	0.1078	0.123	0.1379	0.1425	0.1344	0.1336	0.1861	0.1929	0.1865	0.17873512	0.10982657
16.5	78.5	77.93741438405118	29.792166999500257	0.0958	0.0951	0.1086	0.1186	0.123	0.1379	0.1425	0.1416	0.1336	0.1861	0.1929	0.1865	0.15336324	0.088393524
17.5	78.5	77.93750662374596	29.792166999500257	0.0984	0.1158	0.136	0.1314	0.159	0.1688	0.1601	0.1472	0.1562	0.1836	0.1825	0.1703	0.10706703	0.05671213
18.5	78.5	77.93759886344074	29.792166999500257	0.0984	0.1642	0.1834	0.1664	0.159	0.1688	0.1601	0.1698	0.1562	0.1836	0.1825	0.1703	0.03604884	0.010113022
19.5	78.5	77.93769110313552	29.792166999500257	0.099	0.1666	0.186	0.177	0.1591	0.1733	0.1892	0.1861	0.1661	0.1836	0.1922	0.1747	0.016124766	0.02506198
20.5	78.5	77.93778334283029	29.792166999500257	0.099	0.1248	0.1422	0.1404	0.1591	0.1733	0.1892	0.1563	0.1661	0.1836	0.1922	0.1747	0.10301295	0.053589437
21.5	78.5	77.93787558252507	29.792166999500257	0.0983	0.1076	0.12	0.1244	0.1799	0.2124	0.2095	0.17	0.2155	0.1836	0.2099	0.1791	0.105027646	0.15489133
22.5	78.5	77.93796782221985	29.792166999500257	0.0983	0.1046	0.1248	0.1326	0.1799	0.2124	0.2095	0.2288	0.2155	0.1836	0.2099	0.1791	-0.043081813	0.26618707
23.5	78.5	77.93806006191463	29.792166999500257	0.0956	0.1204	0.1428	0.1562	0.1719	0.2146	0.2392	0.2576	0.2349	0.2368	0.2186	0.1797	-0.08189837	0.24504592
24.5	78.5	77.93815230160939	29.792166999500257	0.0956	0.1294	0.1462	0.1578	0.1719	0.2146	0.2392	0.2382	0.2349	0.2368	0.2186	0.1797	-0.042907156	0.20303027
25.5	78.5	77.93824454130417	29.792166999500257	0.0956	0.1294	0.1462	0.1578	0.1719	0.2146	0.2392	0.2382	0.2349	0.2368	0.2186	0.1797	-0.042907156	0.20303027
26.5	78.5	77.93833678099895	29.792166999500257	0.0968	0.1236	0.1492	0.157	0.1998	0.2209	0.2156	0.219	0.208	0.2368	0.2145	0.188	-0.010380627	0.1648936
38.5	78.5	77.93944365733627	29.792166999500257	0.1294	0.1104	0.1252	0.152	0.251	0.2836	0.295	0.2374	0.2841	0.2707	0.3459	0.3118	0.18601064	0.21931177
39.5	78.5	77.93953589703105	29.792166999500257	0.1273	0.11	0.1392	0.15	0.1925	0.2367	0.2504	0.2123	0.2494	0.2707	0.2656	0.2237	0.111529596	0.17195693
40.5	78.5	77.93962813672582	29.792166999500257	0.1174	0.1132	0.1338	0.1462	0.2056	0.2319	0.2377	0.2457	0.2437	0.2707	0.2486	0.2212	0.0058668912	0.2538913
41.5	78.5	77.9397203764206	29.792166999500257	0.1111	0.1016	0.1292	0.1516	0.2068	0.2456	0.2553	0.2621	0.2566	0.2707	0.2724	0.2511	0.01927031	0.26710176
42.5	78.5	77.93981261611538	29.792166999500257	0.1111	0.1278	0.1584	0.1932	0.2068	0.2456	0.2553	0.2547	0.2566	0.2707	0.2724	0.2511	0.03357994	0.13730742
43.5	78.5	77.93990485581016	29.792166999500257	0.1111	0.1278	0.1584	0.1932	0.2068	0.2456	0.2553	0.2547	0.2566	0.2707	0.2724	0.2511	0.03357994	0.13730742
44.5	78.5	77.93999709550492	29.792166999500257	0.1005	0.1006	0.1166	0.1498	0.2039	0.2263	0.2503	0.178	0.2201	0.2231	0.286	0.2663	0.23275864	0.08602807
45.5	78.5	77.9400893351997	29.792166999500257	0.1005	0.1212	0.136	0.1704	0.2039	0.2263	0.2503	0.1962	0.2201	0.2231	0.286	0.2663	0.18622981	0.07037645
46.5	78.5	77.94018157489448	29.792166999500257	0.092	0.1476	0.1542	0.181	0.2199	0.2417	0.2313	0.224	0.2249	0.2231	0.304	0.2885	0.15151513	0.10617287
47.5	78.5	77.94027381458926	29.792166999500257	0.092	0.116	0.1238	0.1526	0.2199	0.2417	0.2313	0.1844	0.2249	0.2231	0.304	0.2885	0.24488121	0.09436202
13.5	79.5	77.93713766496685	29.79207475980548	0.0919	0.087	0.097	0.1134	0.1463	0.1676	0.1733	0.1578	0.1649	0.1861	0.2318	0.2278	0.1899384	0.16371684
14.5	79.5	77.93722990466163	29.79207475980548	0.0958	0.0814	0.0926	0.1052	0.123	0.1379	0.1425	0.1348	0.1336	0.1861	0.1929	0.1865	0.17729631	0.12333334
15.5	79.5	77.93732214435641	29.79207475980548	0.0958	0.076	0.0888	0.1008	0.123	0.1379	0.1425	0.1269	0.1336	0.1861	0.1929	0.1865	0.20637898	0.114624515
16.5	79.5	77.93741438405118	29.79207475980548	0.0958	0.076	0.0888	0.1008	0.123	0.1379	0.1425	0.1269	0.1336	0.1861	0.1929	0.1865	0.20637898	0.114624515
17.5	79.5	77.93750662374596	29.79207475980548	0.0984	0.0846	0.1018	0.108	0.159	0.1688	0.1601	0.1344	0.1562	0.1836	0.1825	0.1703	0.15178293	0.10891086
18.5	79.5	77.93759886344074	29.79207475980548	0.0984	0.0942	0.1148	0.1408	0.159	0.1688	0.1601	0.1534	0.1562	0.1836	0.1825	0.1703	0.08663293	0.042828023
19.5	79.5	77.93769110313552	29.79207475980548	0.099	0.0994	0.1372	0.1242	0.1591	0.1733	0.1892	0.1511	0.1661	0.1836	0.1922	0.1747	0.11972039	0.09771156
20.5	79.5	77.93778334283029	29.79207475980548	0.099	0.1074	0.126	0.117	0.1591	0.1733	0.1892	0.1445	0.1661	0.1836	0.1922	0.1747	0.14166915	0.10516254
21.5	79.5	77.93787558252507	29.79207475980548	0.0983	0.1078	0.125	0.1286	0.1799	0.2124	0.2095	0.1865	0.2155	0.1836	0.2099	0.1791	0.059031304	0.18375118
22.5	79.5	77.93796782221985	29.79207475980548	0.0983	0.1172	0.146	0.1568	0.1799	0.2124	0.2095	0.2357	0.2155	0.1836	0.2099	0.1791	-0.057899438	0.2010191
23.5	79.5	77.93806006191463	29.79207475980548	0.0956	0.1186	0.1474	0.1566	0.1719	0.2146	0.2392	0.2332	0.2349	0.2368	0.2186	0.1797	-0.03231517	0.19651103
24.5	79.5	77.93815230160939	29.79207475980548	0.0956	0.1112	0.132	0.1374	0.1719	0.2146	0.2392	0.1948	0.2349	0.2368	0.2186	0.1797	0.05757136	0.17278749
38.5	79.5	77.93944365733627	29.79207475980548	0.1294	0.1366	0.15	0.2326	0.251	0.2836	0.295	0.2828	0.2841	0.2707	0.3459	0.3118	0.100365855	0.097400054
39.5	79.5	77.93953589703105	29.79207475980548	0.1273	0.107	0.123	0.1694	0.1925	0.2367	0.2504	0.2353	0.2494	0.2707	0.2656	0.2237	0.0604911	0.16283666
40.5	79.5	77.93962813672582	29.79207475980548	0.1273	0.1146	0.135	0.1536	0.1925	0.2367	0.2504	0.2398	0.2494	0.2707	0.2656	0.2237	0.051048655	0.21911539
41.5	79.5	77.9397203764206	29.79207475980548	0.1181	0.105	0.1228	0.1456	0.1823	0.2205	0.246	0.2596	0.2549	0.2707	0.2432	0.206	-0.03261736	0.28134257
42.5	79.5	77.93981261611538	29.79207475980548	0.1181	0.122	0.1538	0.1848	0.1823	0.2205	0.246	0.25	0.2549	0.2707	0.2432	0.206	-0.0137875015	0.149954
43.5	79.5	77.93990485581016	29.79207475980548	0.1181	0.122	0.1538	0.1848	0.1823	0.2205	0.246	0.25	0.2549	0.2707	0.2432	0.206	-0.0137875015	0.149954
44.5	79.5	77.93999709550492	29.79207475980548	0.1052	0.0892	0.103	0.1248	0.2109	0.2289	0.2288	0.1604	0.2267	0.2231	0.2708	0.2446	0.25602967	0.12482471
45.5	79.5	77.9400893351997	29.79207475980548	0.1052	0.1302	0.144	0.1672	0.2109	0.2289	0.2288	0.197	0.2267	0.2231	0.2708	0.2446	0.15775973	0.08182317
46.5	79.5	77.94018157489448	29.79207475980548	0.094	0.1502	0.1632	0.1966	0.2242	0.2519	0.233	0.2446	0.2385	0.2231	0.265	0.2402	0.040031374	0.10879418
47.5	79.5	77.94027381458926	29.79207475980548	0.094	0.1418	0.1578	0.1836	0.2242	0.2519	0.233	0.2315	0.2385	0.2231	0.265	0.2402	0.06747228	0.1153939
48.5	79.5	77.94036605428403	29.79207475980548	0.0882	0.1514	0.1668	0.2092	0.1766	0.2063	0.2291	0.2508	0.2222	0.2231	0.2334	0.1982	-0.035935584	0.09043482
14.5	80.5	77.93722990466163	29.791982520110704	0.0838	0.0805	0.0904	0.1015	0.1127	0.1288	0.1383	0.135	0.1412	0.1861	0.2161	0.2223	0.23098832	0.14164908
15.5	80.5	77.93732214435641	29.791982520110704	0.0838	0.07	0.0809	0.0879	0.1127	0.1288	0.1383	0.1164	0.1412	0.1861	0.2161	0.2223	0.29984963	0.13950077
16.5	80.5	77.93741438405118	29.791982520110704	0.0838	0.07	0.0809	0.0879	0.1127	0.1288	0.1383	0.1164	0.1412	0.1861	0.2161	0.2223	0.29984963	0.13950077
17.5	80.5	77.93750662374596	29.791982520110704	0.0884	0.0752	0.083	0.0938	0.1178	0.1319	0.1317	0.1122	0.1317	0.1836	0.1863	0.1854	0.2482412	0.089320384
18.5	80.5	77.93759886344074	29.791982520110704	0.0884	0.0866	0.0986	0.1204	0.1178	0.1319	0.1317	0.1422	0.1317	0.1836	0.1863	0.1854	0.13424659	0.083015986
19.5	80.5	77.93769110313552	29.791982520110704	0.0923	0.09	0.1046	0.1108	0.1301	0.1414	0.1518	0.1339	0.1534	0.1836	0.1904	0.1808	0.17422141	0.09440132
20.5	80.5	77.93778334283029	29.791982520110704	0.0923	0.0913	0.1144	0.1258	0.1301	0.1414	0.1518	0.1546	0.1534	0.1836	0.1904	0.1808	0.10376815	0.1027104
21.5	80.5	77.93787558252507	29.791982520110704	0.0934	0.1166	0.1314	0.151	0.1565	0.1856	0.1845	0.2069	0.1899	0.1836	0.2036	0.1826	-0.008038968	0.1561889
22.5	80.5	77.93796782221985	29.791982520110704	0.0934	0.1168	0.1434	0.1556	0.1565	0.1856	0.1845	0.2193	0.1899	0.1836	0.2036	0.1826	-0.037124608	0.169912
37.5	80.5	77.93935141764149	29.791982520110704	0.1317	0.183	0.1946	0.3086	0.3486	0.3413	0.3384	0.3444	0.339	0.2707	0.4566	0.4285	0.14007494	0.05482386
38.5	80.5	77.93944365733627	29.791982520110704	0.1317	0.1722	0.1888	0.2886	0.3486	0.3413	0.3384	0.3248	0.339	0.2707	0.4566	0.4285	0.16867161	0.059015352
39.5	80.5	77.93953589703105	29.791982520110704	0.1302	0.1352	0.1584	0.23	0.2808	0.2956	0.3084	0.2952	0.3025	0.2707	0.3642	0.3172	0.104640596	0.12414316
40.5	80.5	77.93962813672582	29.791982520110704	0.1302	0.1084	0.1374	0.1678	0.2808	0.2956	0.3084	0.2568	0.3025	0.2707	0.3642	0.3172	0.17294686	0.20960905
41.5	80.5	77.9397203764206	29.791982520110704	0.1212	0.12	0.14	0.1664	0.2067	0.249	0.2564	0.2303	0.2577	0.2707	0.2743	0.2336	0.08719781	0.16107889
42.5	80.5	77.93981261611538	29.791982520110704	0.1181	0.0955	0.1302	0.148	0.1823	0.2205	0.246	0.2342	0.2549	0.2707	0.2432	0.206	0.018852122	0.22553636
43.5	80.5	77.93990485581016	29.791982520110704	0.1052	0.1072	0.1238	0.1536	0.2109	0.2289	0.2288	0.1996	0.2267	0.2231	0.2708	0.2446	0.15136054	0.13023779
44.5	80.5	77.93999709550492	29.791982520110704	0.1052	0.1072	0.1238	0.1536	0.2109	0.2289	0.2288	0.1996	0.2267	0.2231	0.2708	0.2446	0.15136054	0.13023779
45.5	80.5	77.9400893351997	29.791982520110704	0.1052	0.1318	0.1448	0.1972	0.2109	0.2289	0.2288	0.2331	0.2267	0.2231	0.2708	0.2446	0.07481643	0.083430156
46.5	80.5	77.94018157489448	29.791982520110704	0.094	0.1286	0.1496	0.2104	0.2242	0.2519	0.233	0.262	0.2385	0.2231	0.265	0.2402	0.005692583	0.10922945
47.5	80.5	77.94027381458926	29.791982520110704	0.094	0.11	0.1322	0.1672	0.2242	0.2519	0.233	0.213	0.2385	0.2231	0.265	0.2402	0.10878658	0.12046292
48.5	80.5	77.94036605428403	29.791982520110704	0.0882	0.1188	0.1348	0.1692	0.1766	0.2063	0.2291	0.212	0.2222	0.2231	0.2334	0.1982	0.04804671	0.11227701
15.5	81.5	77.93732214435641	29.791890280415927	0.0838	0.0708	0.083	0.0954	0.1127	0.1288	0.1383	0.1298	0.1412	0.1861	0.2161	0.2223	0.24949406	0.15275314
16.5	81.5	77.93741438405118	29.791890280415927	0.0838	0.0708	0.083	0.0954	0.1127	0.1288	0.1383	0.1298	0.1412	0.1861	0.2161	0.2223	0.24949406	0.15275314
17.5	81.5	77.93750662374596	29.791890280415927	0.0884	0.078	0.0817	0.0968	0.1178	0.1319	0.1317	0.1306	0.1317	0.1836	0.1863	0.1854	0.17576519	0.14863679
18.5	81.5	77.93759886344074	29.791890280415927	0.0884	0.0742	0.0822	0.094	0.1178	0.1319	0.1317	0.1228	0.1317	0.1836	0.1863	0.1854	0.20543513	0.13284135
19.5	81.5	77.93769110313552	29.791890280415927	0.0923	0.0798	0.088	0.101	0.1301	0.1414	0.1518	0.1223	0.1534	0.1836	0.1904	0.1808	0.21778063	0.09538735
20.5	81.5	77.93778334283029	29.791890280415927	0.0923	0.0881	0.105	0.1106	0.1301	0.1414	0.1518	0.1506	0.1534	0.1836	0.1904	0.1808	0.11671555	0.15313935
37.5	81.5	77.93935141764149	29.791890280415927	0.1317	0.1756	0.1958	0.3144	0.3486	0.3413	0.3384	0.3444	0.339	0.2707	0.4566	0.4285	0.14007494	0.045537345
38.5	81.5	77.93944365733627	29.791890280415927	0.1317	0.1802	0.1994	0.3224	0.3486	0.3413	0.3384	0.3528	0.339	0.2707	0.4566	0.4285	0.12824313	0.045023706
39.5	81.5	77.93953589703105	29.791890280415927	0.1302	0.1762	0.1846	0.3008	0.2808	0.2956	0.3084	0.3292	0.3025	0.2707	0.3642	0.3172	0.05047591	0.045079373
40.5	81.5	77.93962813672582	29.791890280415927	0.1302	0.1578	0.161	0.2452	0.2808	0.2956	0.3084	0.2945	0.3025	0.2707	0.3642	0.3172	0.10581449	0.091347046
41.5	81.5	77.9397203764206	29.791890280415927	0.1212	0.128	0.146	0.181	0.2067	0.249	0.2564	0.2415	0.2577	0.2707	0.2743	0.2336	0.06359054	0.14319529
42.5	81.5	77.93981261611538	29.791890280415927	0.1212	0.1202	0.1486	0.1656	0.2067	0.249	0.2564	0.2213	0.2577	0.2707	0.2743	0.2336	0.10694108	0.14396486
43.5	81.5	77.93990485581016	29.791890280415927	0.1083	0.1576	0.1892	0.2292	0.2224	0.2508	0.2649	0.2752	0.2455	0.2231	0.2662	0.2365	-0.016623573	0.09119747
44.5	81.5	77.93999709550492	29.791890280415927	0.1083	0.1576	0.1892	0.2292	0.2224	0.2508	0.2649	0.2752	0.2455	0.2231	0.2662	0.2365	-0.016623573	0.09119747
45.5	81.5	77.9400893351997	29.791890280415927	0.1083	0.1584	0.1904	0.2418	0.2224	0.2508	0.2649	0.2824	0.2455	0.2231	0.2662	0.2365	-0.029529722	0.077451386
46.5	81.5	77.94018157489448	29.791890280415927	0.0971	0.1142	0.1288	0.1832	0.1891	0.2051	0.1934	0.2273	0.2017	0.2231	0.2448	0.2184	0.03706841	0.10742997
47.5	81.5	77.94027381458926	29.791890280415927	0.0971	0.0706	0.0848	0.118	0.1891	0.2051	0.1934	0.1456	0.2017	0.2231	0.2448	0.2184	0.25409836	0.10470411
48.5	81.5	77.94036605428403	29.791890280415927	0.0911	0.062	0.0874	0.1152	0.1244	0.1524	0.1708	0.1548	0.1558	0.2231	0.2164	0.1872	0.16594827	0.14666666
49.5	81.5	77.9404582939788	29.791890280415927	0.0911	0.0578	0.0736	0.0942	0.1244	0.1524	0.1708	0.1473	0.1558	0.2231	0.2164	0.1872	0.18999173	0.2198758
16.5	82.5	77.93741438405118	29.79179804072115	0.0702	0.0705	0.0831	0.0958	0.1277	0.1658	0.175	0.1414	0.1774	0.2465	0.2253	0.2245	0.2287974	0.19224283
17.5	82.5	77.93750662374596	29.79179804072115	0.0775	0.08	0.092	0.101	0.1233	0.147	0.1539	0.137	0.1603	0.1841	0.2185	0.2242	0.2292546	0.15126047
18.5	82.5	77.93759886344074	29.79179804072115	0.0775	0.0788	0.092	0.1007	0.1233	0.147	0.1539	0.1316	0.1603	0.1841	0.2185	0.2242	0.24821478	0.13301769
37.5	82.5	77.93935141764149	29.79179804072115	0.1291	0.1676	0.177	0.2958	0.346	0.3566	0.3582	0.3176	0.3351	0.2579	0.453	0.427	0.17570724	0.035539635
38.5	82.5	77.93944365733627	29.79179804072115	0.1291	0.1826	0.2006	0.3156	0.346	0.3566	0.3582	0.34	0.3351	0.2579	0.453	0.427	0.14249685	0.037217807
39.5	82.5	77.93953589703105	29.79179804072115	0.1275	0.182	0.202	0.324	0.3558	0.3562	0.3563	0.3496	0.355	0.2579	0.4376	0.4133	0.11178862	0.03800473
40.5	82.5	77.93962813672582	29.79179804072115	0.1275	0.1766	0.1934	0.3108	0.3558	0.3562	0.3563	0.3364	0.355	0.2579	0.4376	0.4133	0.13074933	0.03955503
41.5	82.5	77.9397203764206	29.79179804072115	0.1202	0.1504	0.162	0.2546	0.237	0.2446	0.2599	0.2896	0.2595	0.2579	0.3096	0.2841	0.033377804	0.06431464
42.5	82.5	77.93981261611538	29.79179804072115	0.1202	0.1076	0.126	0.167	0.237	0.2446	0.2599	0.2452	0.2595	0.2579	0.3096	0.2841	0.11607787	0.18971373
43.5	82.5	77.93990485581016	29.79179804072115	0.1095	0.0926	0.1246	0.142	0.1494	0.1596	0.1714	0.1904	0.1788	0.2218	0.2034	0.1719	0.03301167	0.1456077
44.5	82.5	77.93999709550492	29.79179804072115	0.1083	0.1676	0.1936	0.2238	0.2224	0.2508	0.2649	0.2622	0.2455	0.2231	0.2662	0.2365	0.007570038	0.079012334
45.5	82.5	77.9400893351997	29.79179804072115	0.1083	0.1736	0.1814	0.2224	0.2224	0.2508	0.2649	0.2522	0.2455	0.2231	0.2662	0.2365	0.02700617	0.062789746
46.5	82.5	77.94018157489448	29.79179804072115	0.0971	0.0919	0.1082	0.1498	0.1891	0.2051	0.1934	0.1857	0.2017	0.2231	0.2448	0.2184	0.13728224	0.10700446
47.5	82.5	77.94027381458926	29.79179804072115	0.0971	0.0826	0.0938	0.1316	0.1891	0.2051	0.1934	0.1605	0.2017	0.2231	0.2448	0.2184	0.20799407	0.0989387
48.5	82.5	77.94036605428403	29.79179804072115	0.0911	0.0792	0.0866	0.1296	0.1244	0.1524	0.1708	0.1654	0.1558	0.2231	0.2164	0.1872	0.1335778	0.12135591
49.5	82.5	77.9404582939788	29.79179804072115	0.0911	0.0552	0.0717	0.1084	0.1244	0.1524	0.1708	0.1412	0.1558	0.2231	0.2164	0.1872	0.2102908	0.13141027
50.5	82.5	77.94055053367359	29.79179804072115	0.0864	0.0584	0.0706	0.1288	0.1677	0.1968	0.1891	0.1693	0.1729	0.2395	0.2793	0.2471	0.24520731	0.13586044
38.5	83.5	77.93944365733627	29.791705801026374	0.1291	0.1656	0.1784	0.3052	0.346	0.3566	0.3582	0.3239	0.3351	0.2579	0.453	0.427	0.16617323	0.029725008
39.5	83.5	77.93953589703105	29.791705801026374	0.1275	0.1886	0.1932	0.33	0.3558	0.3562	0.3563	0.3472	0.355	0.2579	0.4376	0.4133	0.11518856	0.02539869
40.5	83.5	77.93962813672582	29.791705801026374	0.1275	0.1978	0.2078	0.33	0.3558	0.3562	0.3563	0.3528	0.355	0.2579	0.4376	0.4133	0.10728742	0.03339191
41.5	83.5	77.9397203764206	29.791705801026374	0.1202	0.181	0.1956	0.2934	0.237	0.2446	0.2599	0.3204	0.2595	0.2579	0.3096	0.2841	-0.017142864	0.043988287
42.5	83.5	77.93981261611538	29.791705801026374	0.1202	0.1078	0.1288	0.1672	0.237	0.2446	0.2599	0.2214	0.2595	0.2579	0.3096	0.2841	0.16610171	0.13947502
43.5	83.5	77.93990485581016	29.791705801026374	0.1095	0.0662	0.0816	0.0946	0.1494	0.1596	0.1714	0.1384	0.1788	0.2218	0.2034	0.1719	0.19016968	0.18798284
44.5	83.5	77.93999709550492	29.791705801026374	0.1095	0.0662	0.0816	0.0946	0.1494	0.1596	0.1714	0.1384	0.1788	0.2218	0.2034	0.1719	0.19016968	0.18798284
45.5	83.5	77.9400893351997	29.791705801026374	0.1095	0.0824	0.107	0.1194	0.1494	0.1596	0.1714	0.1468	0.1788	0.2218	0.2034	0.1719	0.16162194	0.102930106
46.5	83.5	77.94018157489448	29.791705801026374	0.1005	0.086	0.105	0.1344	0.1503	0.1542	0.1635	0.177	0.1547	0.2218	0.223	0.1944	0.11500001	0.13680156
47.5	83.5	77.94027381458926	29.791705801026374	0.1005	0.0905	0.1114	0.1406	0.1503	0.1542	0.1635	0.175	0.1547	0.2218	0.223	0.1944	0.12060303	0.10899874
48.5	83.5	77.94036605428403	29.791705801026374	0.0947	0.0804	0.0952	0.1278	0.1901	0.2106	0.1998	0.1532	0.1921	0.2218	0.2914	0.2664	0.31084117	0.09039145
49.5	83.5	77.9404582939788	29.791705801026374	0.0947	0.0636	0.0816	0.1526	0.1901	0.2106	0.1998	0.1796	0.1921	0.2218	0.2914	0.2664	0.23736727	0.08127632
50.5	83.5	77.94055053367359	29.791705801026374	0.0904	0.0738	0.0885	0.1792	0.2481	0.2778	0.2699	0.222	0.2375	0.257	0.3804	0.3616	0.26294822	0.10667998
51.5	83.5	77.94064277336837	29.791705801026374	0.0904	0.0816	0.0987	0.2048	0.2481	0.2778	0.2699	0.2558	0.2375	0.257	0.3804	0.3616	0.19585034	0.11072517
38.5	84.5	77.93944365733627	29.791613561331598	0.1235	0.1718	0.1792	0.3054	0.2967	0.2859	0.2887	0.3264	0.2937	0.2579	0.3685	0.3537	0.060584232	0.033238363
39.5	84.5	77.93953589703105	29.791613561331598	0.1224	0.1658	0.1842	0.303	0.3184	0.3136	0.3038	0.3228	0.306	0.2579	0.3764	0.3561	0.07665902	0.031639513
40.5	84.5	77.93962813672582	29.791613561331598	0.1224	0.1788	0.193	0.31	0.3184	0.3136	0.3038	0.333	0.306	0.2579	0.3764	0.3561	0.061178446	0.03576983
41.5	84.5	77.9397203764206	29.791613561331598	0.117	0.1426	0.1586	0.2336	0.1843	0.1985	0.2096	0.2693	0.2014	0.2579	0.2666	0.2382	-0.005038255	0.07098828
42.5	84.5	77.93981261611538	29.791613561331598	0.117	0.0715	0.084	0.109	0.1843	0.1985	0.2096	0.1345	0.2014	0.2579	0.2666	0.2382	0.32934433	0.10472279
43.5	84.5	77.93990485581016	29.791613561331598	0.1085	0.0598	0.0742	0.0862	0.1522	0.1678	0.1559	0.12	0.1716	0.2218	0.2301	0.2043	0.3144816	0.16391852
44.5	84.5	77.93999709550492	29.791613561331598	0.1085	0.0775	0.0922	0.1244	0.1522	0.1678	0.1559	0.1544	0.1716	0.2218	0.2301	0.2043	0.19687906	0.10760405
45.5	84.5	77.9400893351997	29.791613561331598	0.1085	0.0775	0.0922	0.1244	0.1522	0.1678	0.1559	0.1544	0.1716	0.2218	0.2301	0.2043	0.19687906	0.10760405
46.5	84.5	77.94018157489448	29.791613561331598	0.1005	0.078	0.1009	0.1268	0.1503	0.1542	0.1635	0.1595	0.1547	0.2218	0.223	0.1944	0.16601308	0.114215866
47.5	84.5	77.94027381458926	29.791613561331598	0.1005	0.0626	0.0706	0.0959	0.1503	0.1542	0.1635	0.1282	0.1547	0.2218	0.223	0.1944	0.2699317	0.14413206
48.5	84.5	77.94036605428403	29.791613561331598	0.0947	0.0664	0.0813	0.144	0.1901	0.2106	0.1998	0.1729	0.1921	0.2218	0.2914	0.2664	0.2552229	0.091196
49.5	84.5	77.9404582939788	29.791613561331598	0.0947	0.0726	0.089	0.1838	0.1901	0.2106	0.1998	0.2267	0.1921	0.2218	0.2914	0.2664	0.12487936	0.104506694
50.5	84.5	77.94055053367359	29.791613561331598	0.0904	0.0778	0.0978	0.2048	0.2481	0.2778	0.2699	0.2544	0.2375	0.257	0.3804	0.3616	0.19848768	0.10801398
51.5	84.5	77.94064277336837	29.791613561331598	0.0904	0.0792	0.1011	0.2122	0.2481	0.2778	0.2699	0.2551	0.2375	0.257	0.3804	0.3616	0.19716756	0.091804
52.5	84.5	77.94073501306313	29.791613561331598	0.0855	0.0902	0.1124	0.2018	0.2862	0.3109	0.2862	0.241	0.2627	0.257	0.367	0.3488	0.20723687	0.08852754
39.5	85.5	77.93953589703105	29.79152132163682	0.1224	0.177	0.1824	0.2988	0.3184	0.3136	0.3038	0.3243	0.306	0.2579	0.3764	0.3561	0.074354224	0.04092441
40.5	85.5	77.93962813672582	29.79152132163682	0.1224	0.139	0.1466	0.2294	0.3184	0.3136	0.3038	0.2513	0.306	0.2579	0.3764	0.3561	0.19929901	0.045558587
41.5	85.5	77.9397203764206	29.79152132163682	0.117	0.085	0.1032	0.1346	0.1843	0.1985	0.2096	0.1646	0.2014	0.2579	0.2666	0.2382	0.23654918	0.10026739
42.5	85.5	77.93981261611538	29.79152132163682	0.117	0.0752	0.0896	0.1204	0.1843	0.1985	0.2096	0.145	0.2014	0.2579	0.2666	0.2382	0.2954325	0.09269028
43.5	85.5	77.93990485581016	29.79152132163682	0.1085	0.0778	0.096	0.1368	0.1522	0.1678	0.1559	0.166	0.1716	0.2218	0.2301	0.2043	0.16182785	0.09643325
44.5	85.5	77.93999709550492	29.79152132163682	0.1085	0.0862	0.1006	0.1448	0.1522	0.1678	0.1559	0.1755	0.1716	0.2218	0.2301	0.2043	0.13461538	0.09584764
45.5	85.5	77.9400893351997	29.79152132163682	0.1085	0.0862	0.1006	0.1448	0.1522	0.1678	0.1559	0.1755	0.1716	0.2218	0.2301	0.2043	0.13461538	0.09584764
46.5	85.5	77.94018157489448	29.79152132163682	0.1011	0.0926	0.105	0.1662	0.1758	0.208	0.2095	0.2054	0.1878	0.2218	0.2935	0.267	0.17658849	0.1054898
47.5	85.5	77.94027381458926	29.79152132163682	0.1011	0.0642	0.0782	0.1202	0.1758	0.208	0.2095	0.1569	0.1878	0.2218	0.2935	0.267	0.30328596	0.13244317
48.5	85.5	77.94036605428403	29.79152132163682	0.0962	0.0723	0.0964	0.1904	0.2484	0.2733	0.2541	0.2283	0.2409	0.2218	0.3612	0.3427	0.22544529	0.09051827
49.5	85.5	77.9404582939788	29.79152132163682	0.0962	0.0814	0.099	0.2058	0.2484	0.2733	0.2541	0.2546	0.2409	0.2218	0.3612	0.3427	0.17310818	0.105994776
50.5	85.5	77.94055053367359	29.79152132163682	0.0924	0.0812	0.1058	0.2184	0.2479	0.2729	0.2713	0.262	0.2513	0.257	0.3654	0.353	0.16480713	0.09075769
51.5	85.5	77.94064277336837	29.79152132163682	0.0924	0.0916	0.1132	0.203	0.2479	0.2729	0.2713	0.2321	0.2513	0.257	0.3654	0.353	0.22309622	0.06688118
52.5	85.5	77.94073501306313	29.79152132163682	0.0875	0.1094	0.1368	0.2214	0.2501	0.2547	0.2477	0.249	0.2426	0.257	0.3078	0.2978	0.10560344	0.058673482
40.5	86.5	77.93962813672582	29.791429081942045	0.1132	0.093	0.1136	0.1512	0.1774	0.2006	0.2002	0.1888	0.1953	0.2579	0.2543	0.2287	0.14782214	0.11058827
41.5	86.5	77.9397203764206	29.791429081942045	0.1096	0.0924	0.1044	0.138	0.1943	0.2081	0.2193	0.1676	0.2134	0.2579	0.2757	0.2499	0.24385291	0.096858665
42.5	86.5	77.93981261611538	29.791429081942045	0.1096	0.1398	0.1584	0.1966	0.1943	0.2081	0.2193	0.2182	0.2134	0.2579	0.2757	0.2499	0.116420336	0.05207327
43.5	86.5	77.93990485581016	29.791429081942045	0.1041	0.1446	0.1534	0.2212	0.2647	0.28	0.2834	0.253	0.2597	0.2218	0.3564	0.3313	0.16967513	0.067060284
44.5	86.5	77.93999709550492	29.791429081942045	0.1041	0.123	0.1416	0.2164	0.2647	0.28	0.2834	0.2517	0.2597	0.2218	0.3564	0.3313	0.17217562	0.07541127
45.5	86.5	77.9400893351997	29.791429081942045	0.1041	0.123	0.1416	0.2164	0.2647	0.28	0.2834	0.2517	0.2597	0.2218	0.3564	0.3313	0.17217562	0.07541127
46.5	86.5	77.94018157489448	29.791429081942045	0.0987	0.1266	0.1414	0.2236	0.2692	0.2884	0.2829	0.2747	0.2726	0.2218	0.3731	0.3501	0.15189877	0.10254864
47.5	86.5	77.94027381458926	29.791429081942045	0.0987	0.1164	0.1292	0.2164	0.2692	0.2884	0.2829	0.2597	0.2726	0.2218	0.3731	0.3501	0.17920355	0.090947285
48.5	86.5	77.94036605428403	29.791429081942045	0.0962	0.0842	0.1018	0.192	0.2484	0.2733	0.2541	0.2382	0.2409	0.2218	0.3612	0.3427	0.20520522	0.107391894
49.5	86.5	77.9404582939788	29.791429081942045	0.0962	0.0846	0.1038	0.209	0.2484	0.2733	0.2541	0.2676	0.2409	0.2218	0.3612	0.3427	0.14885497	0.12295424
50.5	86.5	77.94055053367359	29.791429081942045	0.0924	0.0978	0.1204	0.2116	0.2479	0.2729	0.2713	0.2568	0.2513	0.257	0.3654	0.353	0.17454194	0.0964987
41.5	87.5	77.9397203764206	29.79133684224727	0.1096	0.1308	0.1456	0.1814	0.1943	0.2081	0.2193	0.2193	0.2134	0.2579	0.2757	0.2499	0.1139394	0.09458448
42.5	87.5	77.93981261611538	29.79133684224727	0.1096	0.127	0.1478	0.1878	0.1943	0.2081	0.2193	0.2191	0.2134	0.2579	0.2757	0.2499	0.11438966	0.07692306
43.5	87.5	77.93990485581016	29.79133684224727	0.1041	0.1466	0.165	0.2322	0.2647	0.28	0.2834	0.2724	0.2597	0.2218	0.3564	0.3313	0.13358782	0.079667054
44.5	87.5	77.93999709550492	29.79133684224727	0.1041	0.1556	0.1798	0.2648	0.2647	0.28	0.2834	0.3082	0.2597	0.2218	0.3564	0.3313	0.072524846	0.07574169
45.5	87.5	77.9400893351997	29.79133684224727	0.1041	0.1556	0.1798	0.2648	0.2647	0.28	0.2834	0.3082	0.2597	0.2218	0.3564	0.3313	0.072524846	0.07574169
46.5	87.5	77.94018157489448	29.79133684224727	0.0987	0.1242	0.1472	0.2262	0.2692	0.2884	0.2829	0.2851	0.2726	0.2218	0.3731	0.3501	0.13369796	0.11519658
47.5	87.5	77.94027381458926	29.79133684224727	0.0987	0.1382	0.1626	0.2182	0.2692	0.2884	0.2829	0.2812	0.2726	0.2218	0.3731	0.3501	0.14045548	0.12615137
48.5	87.5	77.94036605428403	29.79133684224727	0.0944	0.1758	0.2024	0.2472	0.2664	0.2957	0.293	0.2876	0.281	0.2218	0.3642	0.3385	0.11752069	0.075542286
42.5	88.5	77.93981261611538	29.791244602552492	0.0994	0.1196	0.1344	0.186	0.2267	0.2506	0.2387	0.2338	0.248	0.2418	0.2899	0.2625	0.10712242	0.11386372
43.5	88.5	77.93990485581016	29.791244602552492	0.0962	0.1306	0.1526	0.2322	0.2344	0.2729	0.2898	0.273	0.2731	0.2314	0.3491	0.3107	0.12232759	0.08076011
44.5	88.5	77.93999709550492	29.791244602552492	0.0962	0.129	0.1518	0.2308	0.2344	0.2729	0.2898	0.2885	0.2731	0.2314	0.3491	0.3107	0.09504389	0.11111113
45.5	88.5	77.9400893351997	29.791244602552492	0.0935	0.0932	0.1114	0.157	0.2023	0.2486	0.2498	0.2535	0.2579	0.2314	0.3011	0.2699	0.085827574	0.23507918
46.5	88.5	77.94018157489448	29.791244602552492	0.0935	0.0932	0.1114	0.157	0.2023	0.2486	0.2498	0.2535	0.2579	0.2314	0.3011	0.2699	0.085827574	0.23507918
42.5	89.5	77.93981261611538	29.791152362857716	0.0994	0.108	0.1334	0.1706	0.2267	0.2506	0.2387	0.2444	0.248	0.2418	0.2899	0.2625	0.08515817	0.17783132
43.5	89.5	77.93990485581016	29.791152362857716	0.0962	0.113	0.1378	0.2036	0.2344	0.2729	0.2898	0.2662	0.2731	0.2314	0.3491	0.3107	0.13473101	0.1332482
44.5	89.5	77.93999709550492	29.791152362857716	0.0962	0.0958	0.1194	0.1716	0.2344	0.2729	0.2898	0.268	0.2731	0.2314	0.3491	0.3107	0.13142115	0.21929027
