Pixel-X	Pixel-Y	Longitude	Latitude	B1	B2	B3	B4	B5	B6	B7	B8	B8A	B9	B11	B12	NDBI	NDVI
19.5	32.5	77.93769110313552	29.796410025459974	0.0553	0.087	0.1058	0.1638	0.1628	0.2192	0.2173	0.2101	0.2314	0.2623	0.2414	0.1958	0.06932449	0.12382989
20.5	32.5	77.93778334283029	29.796410025459974	0.0578	0.0798	0.1026	0.1676	0.1853	0.246	0.2617	0.2282	0.2603	0.2623	0.2831	0.2284	0.10737337	0.15310761
21.5	32.5	77.93787558252507	29.796410025459974	0.0578	0.0805	0.108	0.1608	0.1853	0.246	0.2617	0.2658	0.2603	0.2623	0.2831	0.2284	0.0315176	0.24613222
17.5	33.5	77.93750662374596	29.796317785765197	0.0594	0.0618	0.0858	0.1268	0.1642	0.2205	0.2407	0.1836	0.236	0.2692	0.2537	0.2121	0.16030185	0.18298967
18.5	33.5	77.93759886344074	29.796317785765197	0.0625	0.0825	0.1082	0.1668	0.2246	0.2521	0.2382	0.2122	0.2349	0.2623	0.3129	0.2852	0.191773	0.1197889
19.5	33.5	77.93769110313552	29.796317785765197	0.0625	0.0943	0.1148	0.1882	0.2246	0.2521	0.2382	0.2357	0.2349	0.2623	0.3129	0.2852	0.14072186	0.11205473
20.5	33.5	77.93778334283029	29.796317785765197	0.0645	0.0869	0.1158	0.1936	0.2047	0.2409	0.2476	0.2473	0.2393	0.2623	0.3078	0.273	0.108989365	0.121796325
21.5	33.5	77.93787558252507	29.796317785765197	0.0645	0.0968	0.124	0.1856	0.2047	0.2409	0.2476	0.2525	0.2393	0.2623	0.3078	0.273	0.098697126	0.15270486
26.5	33.5	77.93833678099895	29.796317785765197	0.0651	0.0749	0.0938	0.1828	0.2133	0.244	0.238	0.231	0.2238	0.2807	0.3409	0.3071	0.19216646	0.116481416
27.5	33.5	77.93842902069373	29.796317785765197	0.0651	0.0698	0.095	0.1852	0.2552	0.2762	0.2675	0.2264	0.2453	0.2807	0.3831	0.35	0.257096	0.10009717
28.5	33.5	77.9385212603885	29.796317785765197	0.0651	0.0844	0.1168	0.2002	0.2552	0.2762	0.2675	0.2322	0.2453	0.2807	0.3831	0.35	0.24524623	0.07400553
16.5	34.5	77.93741438405118	29.79622554607042	0.0594	0.0722	0.0972	0.1316	0.1642	0.2205	0.2407	0.2039	0.236	0.2692	0.2537	0.2121	0.108828664	0.21549922
17.5	34.5	77.93750662374596	29.79622554607042	0.0594	0.0778	0.0973	0.1742	0.1642	0.2205	0.2407	0.2135	0.236	0.2692	0.2537	0.2121	0.08604451	0.10136703
18.5	34.5	77.93759886344074	29.79622554607042	0.0625	0.0936	0.1132	0.1892	0.2246	0.2521	0.2382	0.2376	0.2349	0.2623	0.3129	0.2852	0.13678475	0.11340206
19.5	34.5	77.93769110313552	29.79622554607042	0.0625	0.0952	0.1138	0.1928	0.2246	0.2521	0.2382	0.2457	0.2349	0.2623	0.3129	0.2852	0.12030076	0.12063854
20.5	34.5	77.93778334283029	29.79622554607042	0.0645	0.0838	0.108	0.17	0.2047	0.2409	0.2476	0.2388	0.2393	0.2623	0.3078	0.273	0.12623489	0.16829745
24.5	34.5	77.93815230160939	29.79622554607042	0.0656	0.0588	0.0794	0.1356	0.1821	0.21	0.2262	0.1941	0.2284	0.2623	0.2923	0.2508	0.2018914	0.17743404
25.5	34.5	77.93824454130417	29.79622554607042	0.0651	0.0706	0.0932	0.1952	0.2133	0.244	0.238	0.2359	0.2238	0.2807	0.3409	0.3071	0.18203884	0.09440966
26.5	34.5	77.93833678099895	29.79622554607042	0.0651	0.0745	0.1006	0.2086	0.2133	0.244	0.238	0.2434	0.2238	0.2807	0.3409	0.3071	0.16686636	0.07699113
27.5	34.5	77.93842902069373	29.79622554607042	0.0651	0.0995	0.1184	0.2264	0.2552	0.2762	0.2675	0.2639	0.2453	0.2807	0.3831	0.35	0.18423492	0.0764838
28.5	34.5	77.9385212603885	29.79622554607042	0.0651	0.1282	0.1586	0.254	0.2552	0.2762	0.2675	0.284	0.2453	0.2807	0.3831	0.35	0.14855343	0.055762082
29.5	34.5	77.93861350008328	29.79622554607042	0.0666	0.0871	0.1084	0.2284	0.2241	0.2597	0.2647	0.2759	0.2616	0.2807	0.3528	0.3105	0.1223159	0.094189964
15.5	35.5	77.93732214435641	29.796133306375644	0.0629	0.0836	0.1098	0.156	0.2018	0.2352	0.2402	0.207	0.2428	0.2473	0.2524	0.2282	0.09882457	0.14049587
16.5	35.5	77.93741438405118	29.796133306375644	0.0679	0.0808	0.1042	0.1698	0.2296	0.246	0.2573	0.2122	0.2514	0.2473	0.3127	0.2999	0.19146505	0.11099477
17.5	35.5	77.93750662374596	29.796133306375644	0.0679	0.0957	0.1248	0.208	0.2296	0.246	0.2573	0.246	0.2514	0.2473	0.3127	0.2999	0.119384274	0.08370044
18.5	35.5	77.93759886344074	29.796133306375644	0.0711	0.1014	0.1254	0.2142	0.2295	0.2541	0.2448	0.2588	0.2378	0.2487	0.3197	0.2991	0.10527226	0.09429175
19.5	35.5	77.93769110313552	29.796133306375644	0.0711	0.086	0.1096	0.176	0.2295	0.2541	0.2448	0.2404	0.2378	0.2487	0.3197	0.2991	0.14158186	0.15465899
23.5	35.5	77.93806006191463	29.796133306375644	0.0715	0.057	0.0817	0.1432	0.2137	0.2401	0.2395	0.1978	0.2311	0.2487	0.3597	0.3303	0.2904036	0.16011731
24.5	35.5	77.93815230160939	29.796133306375644	0.0715	0.0711	0.0892	0.1946	0.2137	0.2401	0.2395	0.2274	0.2311	0.2487	0.3597	0.3303	0.2253449	0.07772513
25.5	35.5	77.93824454130417	29.796133306375644	0.0687	0.075	0.0971	0.2066	0.27	0.2882	0.2923	0.252	0.2726	0.2722	0.4367	0.4145	0.26818642	0.09899697
26.5	35.5	77.93833678099895	29.796133306375644	0.0687	0.0913	0.125	0.2248	0.27	0.2882	0.2923	0.2654	0.2726	0.2722	0.4367	0.4145	0.24398234	0.082823314
27.5	35.5	77.93842902069373	29.796133306375644	0.0674	0.1348	0.154	0.2574	0.2982	0.323	0.3105	0.2884	0.289	0.2722	0.4639	0.4458	0.23328461	0.05679734
28.5	35.5	77.9385212603885	29.796133306375644	0.0674	0.0912	0.1254	0.2566	0.2982	0.323	0.3105	0.2907	0.289	0.2722	0.4639	0.4458	0.2295256	0.06230586
29.5	35.5	77.93861350008328	29.796133306375644	0.0694	0.076	0.1024	0.235	0.2572	0.2861	0.2857	0.2725	0.2632	0.2722	0.4275	0.4016	0.22142857	0.07389164
30.5	35.5	77.93870573977806	29.796133306375644	0.0694	0.0786	0.1066	0.209	0.2572	0.2861	0.2857	0.261	0.2632	0.2722	0.4275	0.4016	0.24183007	0.1106383
31.5	35.5	77.93879797947284	29.796133306375644	0.0727	0.0824	0.1156	0.1646	0.2172	0.2494	0.2571	0.2436	0.249	0.2473	0.3482	0.3056	0.1767489	0.19353257
14.5	36.5	77.93722990466163	29.796041066680868	0.0629	0.1058	0.1248	0.167	0.2018	0.2352	0.2402	0.2211	0.2428	0.2473	0.2524	0.2282	0.0661035	0.13939708
15.5	36.5	77.93732214435641	29.796041066680868	0.0629	0.1026	0.1208	0.1926	0.2018	0.2352	0.2402	0.2382	0.2428	0.2473	0.2524	0.2282	0.028944185	0.10584958
16.5	36.5	77.93741438405118	29.796041066680868	0.0679	0.0952	0.1188	0.205	0.2296	0.246	0.2573	0.2395	0.2514	0.2473	0.3127	0.2999	0.13256067	0.077615306
17.5	36.5	77.93750662374596	29.796041066680868	0.0679	0.0972	0.1216	0.2202	0.2296	0.246	0.2573	0.2533	0.2514	0.2473	0.3127	0.2999	0.10494698	0.06990498
18.5	36.5	77.93759886344074	29.796041066680868	0.0711	0.0976	0.1272	0.2006	0.2295	0.2541	0.2448	0.25	0.2378	0.2487	0.3197	0.2991	0.1223451	0.109631605
21.5	36.5	77.93787558252507	29.796041066680868	0.0728	0.0727	0.0901	0.1768	0.1902	0.212	0.2206	0.2142	0.2168	0.2487	0.3192	0.2825	0.19685039	0.09565219
22.5	36.5	77.93796782221985	29.796041066680868	0.0715	0.0706	0.0988	0.196	0.2137	0.2401	0.2395	0.2354	0.2311	0.2487	0.3597	0.3303	0.20887244	0.09133058
23.5	36.5	77.93806006191463	29.796041066680868	0.0715	0.073	0.0946	0.2092	0.2137	0.2401	0.2395	0.2472	0.2311	0.2487	0.3597	0.3303	0.18536827	0.083260305
24.5	36.5	77.93815230160939	29.796041066680868	0.0715	0.073	0.0946	0.2092	0.2137	0.2401	0.2395	0.2472	0.2311	0.2487	0.3597	0.3303	0.18536827	0.083260305
25.5	36.5	77.93824454130417	29.796041066680868	0.0687	0.0946	0.1216	0.2276	0.27	0.2882	0.2923	0.259	0.2726	0.2722	0.4367	0.4145	0.25542617	0.06452941
26.5	36.5	77.93833678099895	29.796041066680868	0.0687	0.1234	0.1512	0.2514	0.27	0.2882	0.2923	0.2863	0.2726	0.2722	0.4367	0.4145	0.2080221	0.0649061
27.5	36.5	77.93842902069373	29.796041066680868	0.0674	0.1072	0.1358	0.2576	0.2982	0.323	0.3105	0.2963	0.289	0.2722	0.4639	0.4458	0.22046831	0.06986818
28.5	36.5	77.9385212603885	29.796041066680868	0.0674	0.0796	0.099	0.2456	0.2982	0.323	0.3105	0.2854	0.289	0.2722	0.4639	0.4458	0.23822233	0.07495292
29.5	36.5	77.93861350008328	29.796041066680868	0.0694	0.0794	0.0992	0.225	0.2572	0.2861	0.2857	0.2574	0.2632	0.2722	0.4275	0.4016	0.24835743	0.067164205
30.5	36.5	77.93870573977806	29.796041066680868	0.0694	0.0756	0.0996	0.2082	0.2572	0.2861	0.2857	0.249	0.2632	0.2722	0.4275	0.4016	0.2638581	0.08923886
31.5	36.5	77.93879797947284	29.796041066680868	0.0727	0.0808	0.1007	0.2066	0.2172	0.2494	0.2571	0.251	0.249	0.2473	0.3482	0.3056	0.1622163	0.09702796
32.5	36.5	77.9388902191676	29.796041066680868	0.0727	0.0747	0.1012	0.1722	0.2172	0.2494	0.2571	0.2302	0.249	0.2473	0.3482	0.3056	0.20401107	0.14413519
13.5	37.5	77.93713766496685	29.79594882698609	0.0677	0.1146	0.142	0.2024	0.2328	0.2603	0.27	0.2554	0.2606	0.2473	0.3017	0.2807	0.08310895	0.115771085
14.5	37.5	77.93722990466163	29.79594882698609	0.0677	0.1132	0.1382	0.2232	0.2328	0.2603	0.27	0.261	0.2606	0.2473	0.3017	0.2807	0.07232982	0.078066945
15.5	37.5	77.93732214435641	29.79594882698609	0.0677	0.1132	0.1382	0.2232	0.2328	0.2603	0.27	0.261	0.2606	0.2473	0.3017	0.2807	0.07232982	0.078066945
16.5	37.5	77.93741438405118	29.79594882698609	0.0747	0.1014	0.1256	0.2296	0.2281	0.254	0.2638	0.2626	0.2625	0.2473	0.3143	0.2976	0.08961691	0.067045934
17.5	37.5	77.93750662374596	29.79594882698609	0.0747	0.0916	0.1166	0.1924	0.2281	0.254	0.2638	0.2593	0.2625	0.2473	0.3143	0.2976	0.09588565	0.14810716
20.5	37.5	77.93778334283029	29.79594882698609	0.0829	0.0794	0.0975	0.1896	0.2334	0.2558	0.2507	0.2319	0.2431	0.2487	0.373	0.3447	0.23326167	0.10035587
21.5	37.5	77.93787558252507	29.79594882698609	0.0829	0.083	0.1023	0.2138	0.2334	0.2558	0.2507	0.2501	0.2431	0.2487	0.373	0.3447	0.19723962	0.0782496
22.5	37.5	77.93796782221985	29.79594882698609	0.0818	0.0722	0.0986	0.2122	0.2802	0.2888	0.2917	0.2512	0.2677	0.2487	0.4441	0.4273	0.2774342	0.08416053
23.5	37.5	77.93806006191463	29.79594882698609	0.0818	0.098	0.1186	0.2284	0.2802	0.2888	0.2917	0.2614	0.2677	0.2487	0.4441	0.4273	0.25896525	0.06737445
24.5	37.5	77.93815230160939	29.79594882698609	0.0818	0.098	0.1186	0.2284	0.2802	0.2888	0.2917	0.2614	0.2677	0.2487	0.4441	0.4273	0.25896525	0.06737445
25.5	37.5	77.93824454130417	29.79594882698609	0.0786	0.1184	0.1522	0.254	0.2918	0.3115	0.3103	0.288	0.2852	0.2722	0.4803	0.4662	0.2502929	0.06273059
26.5	37.5	77.93833678099895	29.79594882698609	0.0786	0.1016	0.126	0.2524	0.2918	0.3115	0.3103	0.2938	0.2852	0.2722	0.4803	0.4662	0.24092495	0.07579638
27.5	37.5	77.93842902069373	29.79594882698609	0.0761	0.0771	0.1056	0.2414	0.2719	0.2957	0.2903	0.2822	0.2726	0.2722	0.4633	0.4503	0.24292418	0.07792208
28.5	37.5	77.9385212603885	29.79594882698609	0.0761	0.0816	0.098	0.2276	0.2719	0.2957	0.2903	0.2673	0.2726	0.2722	0.4633	0.4503	0.26827264	0.080218256
30.5	37.5	77.93870573977806	29.79594882698609	0.0761	0.0746	0.1022	0.2062	0.2635	0.2815	0.283	0.2496	0.2586	0.2722	0.4388	0.4136	0.27484024	0.095217176
31.5	37.5	77.93879797947284	29.79594882698609	0.0775	0.0883	0.1072	0.2302	0.2841	0.3028	0.2962	0.2608	0.2801	0.2473	0.4368	0.4058	0.2522936	0.062321816
32.5	37.5	77.9388902191676	29.79594882698609	0.0775	0.0962	0.1288	0.234	0.2841	0.3028	0.2962	0.2735	0.2801	0.2473	0.4368	0.4058	0.22990286	0.07783251
33.5	37.5	77.93898245886238	29.79594882698609	0.0775	0.0962	0.1288	0.234	0.2841	0.3028	0.2962	0.2735	0.2801	0.2473	0.4368	0.4058	0.22990286	0.07783251
41.5	37.5	77.9397203764206	29.79594882698609	0.0688	0.0615	0.0884	0.1792	0.1988	0.221	0.2097	0.2176	0.2096	0.2309	0.3057	0.2796	0.16835468	0.09677422
42.5	37.5	77.93981261611538	29.79594882698609	0.0688	0.0615	0.0884	0.1792	0.1988	0.221	0.2097	0.2176	0.2096	0.2309	0.3057	0.2796	0.16835468	0.09677422
14.5	38.5	77.93722990466163	29.795856587291315	0.0677	0.1024	0.1252	0.2184	0.2328	0.2603	0.27	0.2692	0.2606	0.2473	0.3017	0.2807	0.056927655	0.10418375
15.5	38.5	77.93732214435641	29.795856587291315	0.0677	0.1024	0.1252	0.2184	0.2328	0.2603	0.27	0.2692	0.2606	0.2473	0.3017	0.2807	0.056927655	0.10418375
16.5	38.5	77.93741438405118	29.795856587291315	0.0747	0.091	0.1208	0.208	0.2281	0.254	0.2638	0.2768	0.2625	0.2473	0.3143	0.2976	0.06344103	0.14191419
19.5	38.5	77.93769110313552	29.795856587291315	0.08	0.0803	0.0944	0.1666	0.1982	0.2195	0.216	0.1909	0.2097	0.2487	0.3028	0.282	0.22665587	0.06797201
20.5	38.5	77.93778334283029	29.795856587291315	0.0829	0.0874	0.1062	0.2124	0.2334	0.2558	0.2507	0.2481	0.2431	0.2487	0.373	0.3447	0.20109484	0.077524416
21.5	38.5	77.93787558252507	29.795856587291315	0.0829	0.077	0.1014	0.2164	0.2334	0.2558	0.2507	0.2516	0.2431	0.2487	0.373	0.3447	0.1943644	0.07521368
22.5	38.5	77.93796782221985	29.795856587291315	0.0818	0.0913	0.1136	0.2284	0.2802	0.2888	0.2917	0.2654	0.2677	0.2487	0.4441	0.4273	0.2518675	0.07492909
23.5	38.5	77.93806006191463	29.795856587291315	0.0818	0.1168	0.1488	0.2618	0.2802	0.2888	0.2917	0.2893	0.2677	0.2487	0.4441	0.4273	0.21107171	0.049900208
24.5	38.5	77.93815230160939	29.795856587291315	0.0818	0.1168	0.1488	0.2618	0.2802	0.2888	0.2917	0.2893	0.2677	0.2487	0.4441	0.4273	0.21107171	0.049900208
25.5	38.5	77.93824454130417	29.795856587291315	0.0786	0.0968	0.1208	0.259	0.2918	0.3115	0.3103	0.2961	0.2852	0.2722	0.4803	0.4662	0.23724887	0.066834785
26.5	38.5	77.93833678099895	29.795856587291315	0.0786	0.0808	0.1044	0.2436	0.2918	0.3115	0.3103	0.2836	0.2852	0.2722	0.4803	0.4662	0.25749445	0.07587255
27.5	38.5	77.93842902069373	29.795856587291315	0.0761	0.0788	0.1062	0.233	0.2719	0.2957	0.2903	0.273	0.2726	0.2722	0.4633	0.4503	0.2584544	0.0790514
28.5	38.5	77.9385212603885	29.795856587291315	0.0761	0.0794	0.1018	0.203	0.2719	0.2957	0.2903	0.2453	0.2726	0.2722	0.4633	0.4503	0.3076489	0.09435646
29.5	38.5	77.93861350008328	29.795856587291315	0.0761	0.076	0.1008	0.2002	0.2635	0.2815	0.283	0.2511	0.2586	0.2722	0.4388	0.4136	0.2720684	0.11278528
30.5	38.5	77.93870573977806	29.795856587291315	0.0761	0.0834	0.1042	0.22	0.2635	0.2815	0.283	0.2583	0.2586	0.2722	0.4388	0.4136	0.25892985	0.08007528
31.5	38.5	77.93879797947284	29.795856587291315	0.0775	0.1282	0.1586	0.2554	0.2841	0.3028	0.2962	0.2856	0.2801	0.2473	0.4368	0.4058	0.20930232	0.05582256
32.5	38.5	77.9388902191676	29.795856587291315	0.0775	0.1188	0.1432	0.2668	0.2841	0.3028	0.2962	0.3021	0.2801	0.2473	0.4368	0.4058	0.182298	0.062049598
33.5	38.5	77.93898245886238	29.795856587291315	0.0775	0.1188	0.1432	0.2668	0.2841	0.3028	0.2962	0.3021	0.2801	0.2473	0.4368	0.4058	0.182298	0.062049598
34.5	38.5	77.93907469855716	29.795856587291315	0.0779	0.0758	0.1108	0.2364	0.244	0.2765	0.281	0.2777	0.258	0.2473	0.3609	0.3294	0.13028501	0.08033459
39.5	38.5	77.93953589703105	29.795856587291315	0.0712	0.061	0.0791	0.1568	0.1447	0.182	0.2027	0.1856	0.1871	0.2309	0.2563	0.2168	0.15999095	0.08411214
40.5	38.5	77.93962813672582	29.795856587291315	0.0688	0.0618	0.0842	0.192	0.1988	0.221	0.2097	0.2172	0.2096	0.2309	0.3057	0.2796	0.16924843	0.061583564
41.5	38.5	77.9397203764206	29.795856587291315	0.0688	0.063	0.0861	0.1918	0.1988	0.221	0.2097	0.2264	0.2096	0.2309	0.3057	0.2796	0.14903213	0.082735546
42.5	38.5	77.93981261611538	29.795856587291315	0.0695	0.07	0.0898	0.1988	0.2036	0.2191	0.2247	0.2361	0.2199	0.2309	0.3284	0.3014	0.1635075	0.08576685
43.5	38.5	77.93990485581016	29.795856587291315	0.0695	0.07	0.0898	0.1988	0.2036	0.2191	0.2247	0.2361	0.2199	0.2309	0.3284	0.3014	0.1635075	0.08576685
19.5	39.5	77.93769110313552	29.79576434759654	0.092	0.0844	0.0986	0.1828	0.2092	0.2273	0.23	0.2171	0.2028	0.2487	0.3255	0.2999	0.19977887	0.08577144
20.5	39.5	77.93778334283029	29.79576434759654	0.1005	0.0792	0.0996	0.211	0.2689	0.2888	0.2771	0.2453	0.2619	0.2487	0.4236	0.4062	0.26655704	0.07516985
21.5	39.5	77.93787558252507	29.79576434759654	0.1005	0.0897	0.1216	0.229	0.2689	0.2888	0.2771	0.2621	0.2619	0.2487	0.4236	0.4062	0.23552571	0.06739973
22.5	39.5	77.93796782221985	29.79576434759654	0.1039	0.1344	0.1528	0.2598	0.2926	0.311	0.3071	0.2842	0.2831	0.2487	0.4771	0.4689	0.25338235	0.044852987
23.5	39.5	77.93806006191463	29.79576434759654	0.1039	0.0942	0.1296	0.258	0.2926	0.311	0.3071	0.2901	0.2831	0.2487	0.4771	0.4689	0.24374348	0.058565997
24.5	39.5	77.93815230160939	29.79576434759654	0.1039	0.0942	0.1296	0.258	0.2926	0.311	0.3071	0.2901	0.2831	0.2487	0.4771	0.4689	0.24374348	0.058565997
25.5	39.5	77.93824454130417	29.79576434759654	0.1034	0.0866	0.1104	0.2468	0.2768	0.2903	0.2862	0.2799	0.2743	0.2722	0.4654	0.4525	0.24889305	0.062844135
26.5	39.5	77.93833678099895	29.79576434759654	0.1034	0.0824	0.1092	0.2284	0.2768	0.2903	0.2862	0.2701	0.2743	0.2722	0.4654	0.4525	0.26553366	0.08365093
27.5	39.5	77.93842902069373	29.79576434759654	0.1007	0.1006	0.1202	0.218	0.2578	0.2787	0.2777	0.2642	0.2644	0.2722	0.4406	0.4199	0.25028378	0.09581088
28.5	39.5	77.9385212603885	29.79576434759654	0.1007	0.0811	0.1001	0.1988	0.2578	0.2787	0.2777	0.2502	0.2644	0.2722	0.4406	0.4199	0.27562246	0.11447663
29.5	39.5	77.93861350008328	29.79576434759654	0.0933	0.0791	0.1068	0.2118	0.2828	0.3079	0.3046	0.2656	0.284	0.2722	0.4549	0.4302	0.2627342	0.112693764
30.5	39.5	77.93870573977806	29.79576434759654	0.0933	0.1252	0.1512	0.2592	0.2828	0.3079	0.3046	0.2857	0.284	0.2722	0.4549	0.4302	0.22846341	0.048632752
31.5	39.5	77.93879797947284	29.79576434759654	0.0837	0.1164	0.1586	0.2692	0.3004	0.3174	0.3127	0.3056	0.2868	0.2473	0.452	0.4298	0.19324183	0.06332636
32.5	39.5	77.9388902191676	29.79576434759654	0.0837	0.0982	0.1184	0.2534	0.3004	0.3174	0.3127	0.2918	0.2868	0.2473	0.452	0.4298	0.21538049	0.07043286
33.5	39.5	77.93898245886238	29.79576434759654	0.0758	0.0838	0.1122	0.2332	0.2346	0.2451	0.2386	0.2737	0.2329	0.2473	0.3416	0.3156	0.11035268	0.07989742
34.5	39.5	77.93907469855716	29.79576434759654	0.0758	0.0838	0.1122	0.2332	0.2346	0.2451	0.2386	0.2737	0.2329	0.2473	0.3416	0.3156	0.11035268	0.07989742
38.5	39.5	77.93944365733627	29.79576434759654	0.0702	0.0574	0.0802	0.1544	0.1953	0.2123	0.2182	0.1864	0.2075	0.2309	0.3201	0.2959	0.26396844	0.09389669
39.5	39.5	77.93953589703105	29.79576434759654	0.0702	0.0647	0.0852	0.188	0.1953	0.2123	0.2182	0.219	0.2075	0.2309	0.3201	0.2959	0.1875348	0.076167084
40.5	39.5	77.93962813672582	29.79576434759654	0.069	0.062	0.0834	0.1934	0.2533	0.2654	0.256	0.2256	0.248	0.2309	0.4064	0.3944	0.28607595	0.07684966
41.5	39.5	77.9397203764206	29.79576434759654	0.069	0.0651	0.0888	0.201	0.2533	0.2654	0.256	0.2336	0.248	0.2309	0.4064	0.3944	0.26999998	0.07501151
42.5	39.5	77.93981261611538	29.79576434759654	0.0694	0.0776	0.1002	0.2226	0.26	0.2783	0.2779	0.2622	0.2638	0.2309	0.436	0.4275	0.2489258	0.08168317
43.5	39.5	77.93990485581016	29.79576434759654	0.0694	0.0776	0.1002	0.2226	0.26	0.2783	0.2779	0.2622	0.2638	0.2309	0.436	0.4275	0.2489258	0.08168317
44.5	39.5	77.93999709550492	29.79576434759654	0.0694	0.0768	0.1018	0.2302	0.26	0.2783	0.2779	0.2629	0.2638	0.2309	0.436	0.4275	0.24767491	0.06631515
17.5	40.5	77.93750662374596	29.795672107901762	0.0802	0.0733	0.098	0.1446	0.1788	0.2132	0.2174	0.1803	0.2228	0.2473	0.2644	0.2392	0.18911627	0.10987994
18.5	40.5	77.93759886344074	29.795672107901762	0.092	0.0792	0.0998	0.1712	0.2092	0.2273	0.23	0.2066	0.2028	0.2487	0.3255	0.2999	0.22345427	0.09370034
19.5	40.5	77.93769110313552	29.795672107901762	0.092	0.0852	0.1038	0.1882	0.2092	0.2273	0.23	0.2285	0.2028	0.2487	0.3255	0.2999	0.17509028	0.096712254
20.5	40.5	77.93778334283029	29.795672107901762	0.1005	0.0866	0.1162	0.2114	0.2689	0.2888	0.2771	0.2464	0.2619	0.2487	0.4236	0.4062	0.2644776	0.07645259
21.5	40.5	77.93787558252507	29.795672107901762	0.1005	0.116	0.1396	0.2458	0.2689	0.2888	0.2771	0.2776	0.2619	0.2487	0.4236	0.4062	0.20821449	0.060756568
22.5	40.5	77.93796782221985	29.795672107901762	0.1039	0.1056	0.1374	0.2568	0.2926	0.311	0.3071	0.2961	0.2831	0.2487	0.4771	0.4689	0.23409212	0.07107975
23.5	40.5	77.93806006191463	29.795672107901762	0.1039	0.0806	0.106	0.2442	0.2926	0.311	0.3071	0.29	0.2831	0.2487	0.4771	0.4689	0.24390565	0.08573566
24.5	40.5	77.93815230160939	29.795672107901762	0.1034	0.0788	0.1064	0.231	0.2768	0.2903	0.2862	0.2663	0.2743	0.2722	0.4654	0.4525	0.27210608	0.07098328
25.5	40.5	77.93824454130417	29.795672107901762	0.1034	0.0788	0.1064	0.231	0.2768	0.2903	0.2862	0.2663	0.2743	0.2722	0.4654	0.4525	0.27210608	0.07098328
26.5	40.5	77.93833678099895	29.795672107901762	0.1034	0.0732	0.1016	0.207	0.2768	0.2903	0.2862	0.2534	0.2743	0.2722	0.4654	0.4525	0.29493603	0.10078192
27.5	40.5	77.93842902069373	29.795672107901762	0.1007	0.0854	0.1064	0.2016	0.2578	0.2787	0.2777	0.2536	0.2644	0.2722	0.4406	0.4199	0.26937482	0.114235505
28.5	40.5	77.9385212603885	29.795672107901762	0.1007	0.0828	0.1052	0.2082	0.2578	0.2787	0.2777	0.2588	0.2644	0.2722	0.4406	0.4199	0.2599371	0.10835119
29.5	40.5	77.93861350008328	29.795672107901762	0.0933	0.1238	0.144	0.2446	0.2828	0.3079	0.3046	0.281	0.284	0.2722	0.4549	0.4302	0.23630929	0.06925417
30.5	40.5	77.93870573977806	29.795672107901762	0.0933	0.1338	0.167	0.2728	0.2828	0.3079	0.3046	0.303	0.284	0.2722	0.4549	0.4302	0.20042221	0.052448776
31.5	40.5	77.93879797947284	29.795672107901762	0.0837	0.0833	0.1136	0.237	0.3004	0.3174	0.3127	0.2909	0.2868	0.2473	0.452	0.4298	0.21685287	0.10210265
32.5	40.5	77.9388902191676	29.795672107901762	0.0837	0.0822	0.11	0.2308	0.3004	0.3174	0.3127	0.2663	0.2868	0.2473	0.452	0.4298	0.25852707	0.07141418
33.5	40.5	77.93898245886238	29.795672107901762	0.0758	0.0852	0.1162	0.1954	0.2346	0.2451	0.2386	0.2271	0.2329	0.2473	0.3416	0.3156	0.20133638	0.07502959
37.5	40.5	77.93935141764149	29.795672107901762	0.072	0.058	0.078	0.1568	0.1828	0.2006	0.1951	0.1808	0.1982	0.2473	0.2757	0.2485	0.20788608	0.07109006
38.5	40.5	77.93944365733627	29.795672107901762	0.0702	0.0647	0.0849	0.1858	0.1953	0.2123	0.2182	0.215	0.2075	0.2309	0.3201	0.2959	0.1964119	0.072854295
39.5	40.5	77.93953589703105	29.795672107901762	0.0702	0.066	0.0844	0.1936	0.1953	0.2123	0.2182	0.2226	0.2075	0.2309	0.3201	0.2959	0.17965728	0.06967804
40.5	40.5	77.93962813672582	29.795672107901762	0.069	0.0658	0.0904	0.2014	0.2533	0.2654	0.256	0.2374	0.248	0.2309	0.4064	0.3944	0.2625039	0.082041934
41.5	40.5	77.9397203764206	29.795672107901762	0.069	0.0716	0.0997	0.2242	0.2533	0.2654	0.256	0.263	0.248	0.2309	0.4064	0.3944	0.21422167	0.07963879
42.5	40.5	77.93981261611538	29.795672107901762	0.0694	0.0774	0.107	0.2406	0.26	0.2783	0.2779	0.2741	0.2638	0.2309	0.436	0.4275	0.22799604	0.06508646
43.5	40.5	77.93990485581016	29.795672107901762	0.0694	0.0774	0.107	0.2406	0.26	0.2783	0.2779	0.2741	0.2638	0.2309	0.436	0.4275	0.22799604	0.06508646
44.5	40.5	77.93999709550492	29.795672107901762	0.0694	0.0778	0.1036	0.2354	0.26	0.2783	0.2779	0.2766	0.2638	0.2309	0.436	0.4275	0.22368789	0.080468744
45.5	40.5	77.9400893351997	29.795672107901762	0.0709	0.0792	0.109	0.202	0.2222	0.2585	0.2661	0.2779	0.259	0.2744	0.3459	0.3221	0.10900928	0.15815794
16.5	41.5	77.93741438405118	29.795579868206985	0.0841	0.0919	0.1238	0.1618	0.2283	0.2373	0.2315	0.1893	0.2312	0.2098	0.2701	0.2477	0.17588158	0.07832527
17.5	41.5	77.93750662374596	29.795579868206985	0.0841	0.084	0.1098	0.1768	0.2283	0.2373	0.2315	0.2192	0.2312	0.2098	0.2701	0.2477	0.10402615	0.107070714
18.5	41.5	77.93759886344074	29.795579868206985	0.1046	0.0827	0.1008	0.193	0.2562	0.2799	0.2759	0.2308	0.252	0.2873	0.3775	0.3573	0.2411639	0.08919301
19.5	41.5	77.93769110313552	29.795579868206985	0.1046	0.0828	0.1006	0.2002	0.2562	0.2799	0.2759	0.2396	0.252	0.2873	0.3775	0.3573	0.22346458	0.08958617
20.5	41.5	77.93778334283029	29.795579868206985	0.1204	0.0852	0.1082	0.224	0.2806	0.2961	0.2978	0.2621	0.2674	0.2873	0.4495	0.4437	0.26335016	0.07837894
21.5	41.5	77.93787558252507	29.795579868206985	0.1204	0.0902	0.1196	0.2408	0.2806	0.2961	0.2978	0.2857	0.2674	0.2873	0.4495	0.4437	0.22279653	0.08528016
22.5	41.5	77.93796782221985	29.795579868206985	0.13	0.0832	0.1102	0.246	0.3122	0.3286	0.3144	0.2814	0.301	0.2873	0.4445	0.4291	0.22468661	0.06712171
23.5	41.5	77.93806006191463	29.795579868206985	0.13	0.1	0.123	0.2456	0.3122	0.3286	0.3144	0.2735	0.301	0.2873	0.4445	0.4291	0.23816156	0.05374686
24.5	41.5	77.93815230160939	29.795579868206985	0.1344	0.0885	0.1092	0.2164	0.2809	0.3047	0.3131	0.2574	0.2844	0.2885	0.4198	0.398	0.23981099	0.08653442
25.5	41.5	77.93824454130417	29.795579868206985	0.1344	0.0885	0.1092	0.2164	0.2809	0.3047	0.3131	0.2574	0.2844	0.2885	0.4198	0.398	0.23981099	0.08653442
26.5	41.5	77.93833678099895	29.795579868206985	0.1344	0.0826	0.1044	0.1972	0.2809	0.3047	0.3131	0.2511	0.2844	0.2885	0.4198	0.398	0.25145328	0.12023199
27.5	41.5	77.93842902069373	29.795579868206985	0.1317	0.0762	0.1026	0.201	0.2661	0.2932	0.2866	0.2602	0.2722	0.2885	0.447	0.4294	0.26414028	0.12836078
28.5	41.5	77.9385212603885	29.795579868206985	0.1317	0.0899	0.123	0.216	0.2661	0.2932	0.2866	0.278	0.2722	0.2885	0.447	0.4294	0.23310345	0.12550606
29.5	41.5	77.93861350008328	29.795579868206985	0.1145	0.1208	0.1408	0.2384	0.2831	0.303	0.3013	0.2903	0.2835	0.2885	0.4433	0.4307	0.20856051	0.09816533
30.5	41.5	77.93870573977806	29.795579868206985	0.1145	0.0856	0.121	0.2356	0.2831	0.303	0.3013	0.2856	0.2835	0.2885	0.4433	0.4307	0.2163534	0.09593248
31.5	41.5	77.93879797947284	29.795579868206985	0.0898	0.0812	0.106	0.2084	0.2225	0.2339	0.246	0.2645	0.2288	0.2262	0.3559	0.3323	0.14732431	0.118629724
32.5	41.5	77.9388902191676	29.795579868206985	0.0898	0.0906	0.1202	0.1938	0.2225	0.2339	0.246	0.2265	0.2288	0.2262	0.3559	0.3323	0.22218405	0.07780158
36.5	41.5	77.93925917794671	29.795579868206985	0.0663	0.066	0.0769	0.1528	0.2056	0.2192	0.2239	0.18	0.2112	0.2262	0.33	0.3023	0.29411766	0.08173081
37.5	41.5	77.93935141764149	29.795579868206985	0.0663	0.0612	0.0882	0.1888	0.2056	0.2192	0.2239	0.2216	0.2112	0.2262	0.33	0.3023	0.19651924	0.079922
38.5	41.5	77.93944365733627	29.795579868206985	0.0674	0.0664	0.0858	0.1914	0.2454	0.2604	0.2538	0.2201	0.2411	0.2733	0.406	0.3986	0.2969174	0.06974482
39.5	41.5	77.93953589703105	29.795579868206985	0.0674	0.0684	0.088	0.1998	0.2454	0.2604	0.2538	0.2321	0.2411	0.2733	0.406	0.3986	0.2725278	0.07478582
40.5	41.5	77.93962813672582	29.795579868206985	0.0688	0.0762	0.0994	0.2216	0.2719	0.2861	0.2846	0.2568	0.2692	0.2733	0.4655	0.4698	0.2889381	0.073578596
41.5	41.5	77.9397203764206	29.795579868206985	0.0688	0.078	0.105	0.2344	0.2719	0.2861	0.2846	0.277	0.2692	0.2733	0.4655	0.4698	0.25387204	0.083300754
42.5	41.5	77.93981261611538	29.795579868206985	0.0692	0.0776	0.1052	0.2376	0.2517	0.2917	0.3017	0.2783	0.2951	0.2733	0.4232	0.4029	0.20655741	0.07889124
43.5	41.5	77.93990485581016	29.795579868206985	0.0692	0.0776	0.1052	0.2376	0.2517	0.2917	0.3017	0.2783	0.2951	0.2733	0.4232	0.4029	0.20655741	0.07889124
44.5	41.5	77.93999709550492	29.795579868206985	0.0692	0.0814	0.1094	0.2098	0.2517	0.2917	0.3017	0.2849	0.2951	0.2733	0.4232	0.4029	0.1953114	0.15180919
15.5	42.5	77.93732214435641	29.79548762851221	0.0841	0.1562	0.1814	0.2292	0.2283	0.2373	0.2315	0.251	0.2312	0.2098	0.2701	0.2477	0.036653254	0.045397714
16.5	42.5	77.93741438405118	29.79548762851221	0.0841	0.1562	0.1814	0.2292	0.2283	0.2373	0.2315	0.251	0.2312	0.2098	0.2701	0.2477	0.036653254	0.045397714
17.5	42.5	77.93750662374596	29.79548762851221	0.0841	0.135	0.1588	0.2298	0.2283	0.2373	0.2315	0.2586	0.2312	0.2098	0.2701	0.2477	0.021751467	0.058968052
18.5	42.5	77.93759886344074	29.79548762851221	0.1046	0.086	0.1106	0.196	0.2562	0.2799	0.2759	0.2417	0.252	0.2873	0.3775	0.3573	0.21931526	0.10440941
19.5	42.5	77.93769110313552	29.79548762851221	0.1046	0.0754	0.1062	0.2156	0.2562	0.2799	0.2759	0.2603	0.252	0.2873	0.3775	0.3573	0.18375663	0.09392732
20.5	42.5	77.93778334283029	29.79548762851221	0.1204	0.0836	0.1046	0.2376	0.2806	0.2961	0.2978	0.281	0.2674	0.2873	0.4495	0.4437	0.23066394	0.08368683
21.5	42.5	77.93787558252507	29.79548762851221	0.1204	0.0872	0.1122	0.2416	0.2806	0.2961	0.2978	0.2807	0.2674	0.2873	0.4495	0.4437	0.23116954	0.07486118
22.5	42.5	77.93796782221985	29.79548762851221	0.13	0.1062	0.1282	0.2524	0.3122	0.3286	0.3144	0.2822	0.301	0.2873	0.4445	0.4291	0.22333837	0.055742607
25.5	42.5	77.93824454130417	29.79548762851221	0.1344	0.1772	0.2112	0.2864	0.2809	0.3047	0.3131	0.3156	0.2844	0.2885	0.4198	0.398	0.1416916	0.048505012
26.5	42.5	77.93833678099895	29.79548762851221	0.1344	0.0934	0.118	0.222	0.2809	0.3047	0.3131	0.2761	0.2844	0.2885	0.4198	0.398	0.20649518	0.10861274
27.5	42.5	77.93842902069373	29.79548762851221	0.1317	0.0836	0.1018	0.2108	0.2661	0.2932	0.2866	0.2712	0.2722	0.2885	0.447	0.4294	0.2447786	0.1253112
28.5	42.5	77.9385212603885	29.79548762851221	0.1317	0.0858	0.106	0.2196	0.2661	0.2932	0.2866	0.2837	0.2722	0.2885	0.447	0.4294	0.22348434	0.12735939
29.5	42.5	77.93861350008328	29.79548762851221	0.1145	0.0868	0.1084	0.2178	0.2831	0.303	0.3013	0.2798	0.2835	0.2885	0.4433	0.4307	0.22610982	0.124598056
30.5	42.5	77.93870573977806	29.79548762851221	0.1145	0.0828	0.1072	0.21	0.2831	0.303	0.3013	0.2668	0.2835	0.2885	0.4433	0.4307	0.24855657	0.119127505
31.5	42.5	77.93879797947284	29.79548762851221	0.0898	0.083	0.1034	0.1926	0.2225	0.2339	0.246	0.238	0.2288	0.2262	0.3559	0.3323	0.19851825	0.1054343
35.5	42.5	77.93916693825194	29.79548762851221	0.0712	0.0574	0.0769	0.1548	0.1761	0.193	0.1805	0.1804	0.1785	0.2262	0.2731	0.2452	0.20441012	0.07637232
36.5	42.5	77.93925917794671	29.79548762851221	0.0663	0.0641	0.0828	0.1932	0.2056	0.2192	0.2239	0.221	0.2112	0.2262	0.33	0.3023	0.19782215	0.06711732
37.5	42.5	77.93935141764149	29.79548762851221	0.0663	0.06	0.085	0.1946	0.2056	0.2192	0.2239	0.2278	0.2112	0.2262	0.33	0.3023	0.18321982	0.07859848
38.5	42.5	77.93944365733627	29.79548762851221	0.0674	0.0644	0.0916	0.2046	0.2454	0.2604	0.2538	0.235	0.2411	0.2733	0.406	0.3986	0.26677066	0.069153756
39.5	42.5	77.93953589703105	29.79548762851221	0.0674	0.0766	0.101	0.2224	0.2454	0.2604	0.2538	0.2525	0.2411	0.2733	0.406	0.3986	0.23310554	0.06338177
40.5	42.5	77.93962813672582	29.79548762851221	0.0688	0.0762	0.1056	0.2354	0.2719	0.2861	0.2846	0.2673	0.2692	0.2733	0.4655	0.4698	0.27046943	0.06345733
41.5	42.5	77.9397203764206	29.79548762851221	0.0688	0.0782	0.1023	0.2346	0.2719	0.2861	0.2846	0.2728	0.2692	0.2733	0.4655	0.4698	0.261005	0.075285785
42.5	42.5	77.93981261611538	29.79548762851221	0.0692	0.0857	0.1136	0.2208	0.2517	0.2917	0.3017	0.2885	0.2951	0.2733	0.4232	0.4029	0.18926513	0.13292757
43.5	42.5	77.93990485581016	29.79548762851221	0.0692	0.093	0.1258	0.1792	0.2517	0.2917	0.3017	0.2987	0.2951	0.2733	0.4232	0.4029	0.17246157	0.25005233
16.5	43.5	77.93741438405118	29.795395388817433	0.0854	0.1098	0.1514	0.1672	0.1921	0.2315	0.2452	0.2258	0.2247	0.2098	0.2479	0.2191	0.046654005	0.14910941
17.5	43.5	77.93750662374596	29.795395388817433	0.0854	0.1224	0.1696	0.224	0.1921	0.2315	0.2452	0.2604	0.2247	0.2098	0.2479	0.2191	-0.024591783	0.075144485
18.5	43.5	77.93759886344074	29.795395388817433	0.1108	0.1294	0.1454	0.2436	0.2765	0.2974	0.2838	0.2712	0.2703	0.2873	0.361	0.347	0.14204365	0.053613063
19.5	43.5	77.93769110313552	29.795395388817433	0.1108	0.0957	0.1152	0.239	0.2765	0.2974	0.2838	0.2706	0.2703	0.2873	0.361	0.347	0.14312857	0.062009417
20.5	43.5	77.93778334283029	29.795395388817433	0.1306	0.0867	0.1116	0.2392	0.3004	0.3112	0.3238	0.2768	0.2974	0.2873	0.4075	0.3908	0.19099809	0.072868235
21.5	43.5	77.93787558252507	29.795395388817433	0.1306	0.0954	0.1252	0.2494	0.3004	0.3112	0.3238	0.283	0.2974	0.2873	0.4075	0.3908	0.18030414	0.06311042
26.5	43.5	77.93833678099895	29.795395388817433	0.1515	0.1978	0.2274	0.2978	0.4045	0.4006	0.4021	0.3308	0.3815	0.2885	0.3925	0.3568	0.08530349	0.052497603
27.5	43.5	77.93842902069373	29.795395388817433	0.1491	0.0979	0.1298	0.2386	0.32	0.3365	0.3248	0.2934	0.307	0.2885	0.4174	0.404	0.17445134	0.1030075
28.5	43.5	77.9385212603885	29.795395388817433	0.1491	0.0799	0.107	0.2144	0.32	0.3365	0.3248	0.2756	0.307	0.2885	0.4174	0.404	0.20461763	0.12489795
29.5	43.5	77.93861350008328	29.795395388817433	0.1257	0.0828	0.1064	0.206	0.2096	0.2341	0.2387	0.2686	0.221	0.2885	0.3446	0.3278	0.12394	0.13190052
30.5	43.5	77.93870573977806	29.795395388817433	0.1257	0.0985	0.1166	0.1902	0.2096	0.2341	0.2387	0.2389	0.221	0.2885	0.3446	0.3278	0.18114822	0.11349337
34.5	43.5	77.93907469855716	29.795395388817433	0.0668	0.0669	0.0838	0.193	0.213	0.2184	0.217	0.2201	0.2059	0.2262	0.3307	0.3068	0.20079885	0.06560154
35.5	43.5	77.93916693825194	29.795395388817433	0.0668	0.0669	0.0838	0.193	0.213	0.2184	0.217	0.2201	0.2059	0.2262	0.3307	0.3068	0.20079885	0.06560154
36.5	43.5	77.93925917794671	29.795395388817433	0.061	0.0643	0.0847	0.1996	0.2461	0.2617	0.2602	0.228	0.2478	0.2262	0.4106	0.3959	0.285938	0.066417225
37.5	43.5	77.93935141764149	29.795395388817433	0.061	0.0651	0.0867	0.2044	0.2461	0.2617	0.2602	0.2288	0.2478	0.2262	0.4106	0.3959	0.28432906	0.056325015
38.5	43.5	77.93944365733627	29.795395388817433	0.0646	0.07	0.0956	0.2216	0.2724	0.2835	0.2824	0.2564	0.2641	0.2733	0.4644	0.4766	0.28856826	0.07280333
39.5	43.5	77.93953589703105	29.795395388817433	0.0646	0.0791	0.1022	0.2326	0.2724	0.2835	0.2824	0.273	0.2641	0.2733	0.4644	0.4766	0.2595606	0.07990506
40.5	43.5	77.93962813672582	29.795395388817433	0.0676	0.0803	0.1018	0.2352	0.2573	0.2896	0.2942	0.2742	0.2943	0.2733	0.4327	0.4282	0.22421844	0.07656064
41.5	43.5	77.9397203764206	29.795395388817433	0.0676	0.08	0.1098	0.2198	0.2573	0.2896	0.2942	0.282	0.2943	0.2733	0.4327	0.4282	0.2108577	0.12395379
42.5	43.5	77.93981261611538	29.795395388817433	0.068	0.0807	0.1228	0.1726	0.193	0.2732	0.3014	0.3016	0.3104	0.2733	0.3333	0.2787	0.0499291	0.27203712
18.5	44.5	77.93759886344074	29.795303149122656	0.1108	0.1514	0.1986	0.2432	0.2765	0.2974	0.2838	0.283	0.2703	0.2873	0.361	0.347	0.121118024	0.07563662
19.5	44.5	77.93769110313552	29.795303149122656	0.1108	0.116	0.1532	0.253	0.2765	0.2974	0.2838	0.2769	0.2703	0.2873	0.361	0.347	0.13183886	0.045102853
20.5	44.5	77.93778334283029	29.795303149122656	0.1306	0.1078	0.139	0.2454	0.3004	0.3112	0.3238	0.2658	0.2974	0.2873	0.4075	0.3908	0.21045597	0.039906107
27.5	44.5	77.93842902069373	29.795303149122656	0.1491	0.2306	0.2438	0.332	0.32	0.3365	0.3248	0.3556	0.307	0.2885	0.4174	0.404	0.079948254	0.0343223
28.5	44.5	77.9385212603885	29.795303149122656	0.1491	0.115	0.1288	0.2276	0.32	0.3365	0.3248	0.2779	0.307	0.2885	0.4174	0.404	0.20063281	0.09950548
29.5	44.5	77.93861350008328	29.795303149122656	0.1257	0.0781	0.104	0.1704	0.2096	0.2341	0.2387	0.221	0.221	0.2885	0.3446	0.3278	0.21852899	0.12927952
33.5	44.5	77.93898245886238	29.795303149122656	0.0668	0.0652	0.0852	0.1904	0.213	0.2184	0.217	0.2178	0.2059	0.2262	0.3307	0.3068	0.20583409	0.067123964
34.5	44.5	77.93907469855716	29.795303149122656	0.0668	0.0652	0.0876	0.2012	0.213	0.2184	0.217	0.2295	0.2059	0.2262	0.3307	0.3068	0.18064979	0.065707
35.5	44.5	77.93916693825194	29.795303149122656	0.0668	0.0652	0.0876	0.2012	0.213	0.2184	0.217	0.2295	0.2059	0.2262	0.3307	0.3068	0.18064979	0.065707
36.5	44.5	77.93925917794671	29.795303149122656	0.061	0.0698	0.0886	0.2054	0.2461	0.2617	0.2602	0.235	0.2478	0.2262	0.4106	0.3959	0.27199504	0.06721161
37.5	44.5	77.93935141764149	29.795303149122656	0.061	0.0766	0.0986	0.2236	0.2461	0.2617	0.2602	0.2551	0.2478	0.2262	0.4106	0.3959	0.2335887	0.06580324
38.5	44.5	77.93944365733627	29.795303149122656	0.0646	0.076	0.1028	0.232	0.2724	0.2835	0.2824	0.2713	0.2641	0.2733	0.4644	0.4766	0.26247114	0.07808463
39.5	44.5	77.93953589703105	29.795303149122656	0.0646	0.0751	0.1015	0.2318	0.2724	0.2835	0.2824	0.2736	0.2641	0.2733	0.4644	0.4766	0.25853655	0.08270678
40.5	44.5	77.93962813672582	29.795303149122656	0.0676	0.08	0.1074	0.2194	0.2573	0.2896	0.2942	0.2784	0.2943	0.2733	0.4327	0.4282	0.21698777	0.1185215
41.5	44.5	77.9397203764206	29.795303149122656	0.0676	0.0936	0.1214	0.1814	0.2573	0.2896	0.2942	0.2972	0.2943	0.2733	0.4327	0.4282	0.18564188	0.2419557
17.5	45.5	77.93750662374596	29.79521090942788	0.0819	0.0675	0.0852	0.1234	0.1556	0.1923	0.2177	0.1866	0.2179	0.2098	0.2541	0.2141	0.15316541	0.20387095
18.5	45.5	77.93759886344074	29.79521090942788	0.1038	0.093	0.118	0.2058	0.2296	0.2667	0.2517	0.247	0.2626	0.2873	0.2953	0.2679	0.08906512	0.090989396
19.5	45.5	77.93769110313552	29.79521090942788	0.1038	0.0926	0.1178	0.2164	0.2296	0.2667	0.2517	0.2674	0.2626	0.2873	0.2953	0.2679	0.04958239	0.10541546
31.5	45.5	77.93879797947284	29.79521090942788	0.0853	0.0604	0.0746	0.1492	0.2068	0.2278	0.2127	0.168	0.2066	0.2262	0.3211	0.298	0.31302392	0.059268568
32.5	45.5	77.9388902191676	29.79521090942788	0.0853	0.0676	0.0843	0.1892	0.2068	0.2278	0.2127	0.2148	0.2066	0.2262	0.3211	0.298	0.1983579	0.06336634
33.5	45.5	77.93898245886238	29.79521090942788	0.0624	0.0615	0.0817	0.1956	0.2484	0.2597	0.2617	0.2262	0.2459	0.2262	0.4164	0.4022	0.29598504	0.07254622
34.5	45.5	77.93907469855716	29.79521090942788	0.0624	0.0632	0.0868	0.2014	0.2484	0.2597	0.2617	0.2388	0.2459	0.2262	0.4164	0.4022	0.27106225	0.0849614
35.5	45.5	77.93916693825194	29.79521090942788	0.0624	0.0632	0.0868	0.2014	0.2484	0.2597	0.2617	0.2388	0.2459	0.2262	0.4164	0.4022	0.27106225	0.0849614
36.5	45.5	77.93925917794671	29.79521090942788	0.0577	0.073	0.0976	0.222	0.2791	0.2897	0.2842	0.2586	0.2723	0.2262	0.4695	0.4703	0.28965804	0.07615479
37.5	45.5	77.93935141764149	29.79521090942788	0.0577	0.0781	0.104	0.2324	0.2791	0.2897	0.2842	0.2729	0.2723	0.2262	0.4695	0.4703	0.26481685	0.08015038
38.5	45.5	77.93944365733627	29.79521090942788	0.0619	0.0792	0.1036	0.2334	0.2675	0.279	0.2781	0.2687	0.2688	0.2733	0.4319	0.4337	0.23294318	0.07030472
39.5	45.5	77.93953589703105	29.79521090942788	0.0619	0.0784	0.1126	0.2234	0.2675	0.279	0.2781	0.268	0.2688	0.2733	0.4319	0.4337	0.2341763	0.09076111
40.5	45.5	77.93962813672582	29.79521090942788	0.0658	0.0988	0.1322	0.1954	0.2004	0.2428	0.2618	0.268	0.2721	0.2733	0.3312	0.2938	0.10547396	0.15666811
16.5	46.5	77.93741438405118	29.795118669733103	0.0819	0.0593	0.0856	0.1584	0.1556	0.1923	0.2177	0.238	0.2179	0.2098	0.2541	0.2141	0.032716908	0.20080727
17.5	46.5	77.93750662374596	29.795118669733103	0.0819	0.0593	0.0856	0.1584	0.1556	0.1923	0.2177	0.238	0.2179	0.2098	0.2541	0.2141	0.032716908	0.20080727
30.5	46.5	77.93870573977806	29.795118669733103	0.1176	0.06	0.0796	0.1502	0.1529	0.1684	0.1892	0.1729	0.1801	0.2885	0.2861	0.2562	0.24662308	0.070256926
31.5	46.5	77.93879797947284	29.795118669733103	0.0853	0.0686	0.0879	0.1974	0.2068	0.2278	0.2127	0.2196	0.2066	0.2262	0.3211	0.298	0.1877196	0.053237416
32.5	46.5	77.9388902191676	29.795118669733103	0.0853	0.0646	0.0872	0.1956	0.2068	0.2278	0.2127	0.23	0.2066	0.2262	0.3211	0.298	0.16530573	0.08082707
33.5	46.5	77.93898245886238	29.795118669733103	0.0624	0.0656	0.0886	0.2054	0.2484	0.2597	0.2617	0.2388	0.2459	0.2262	0.4164	0.4022	0.27106225	0.07519135
34.5	46.5	77.93907469855716	29.795118669733103	0.0624	0.0772	0.0962	0.2244	0.2484	0.2597	0.2617	0.2598	0.2459	0.2262	0.4164	0.4022	0.23158829	0.07311026
35.5	46.5	77.93916693825194	29.795118669733103	0.0624	0.0772	0.0962	0.2244	0.2484	0.2597	0.2617	0.2598	0.2459	0.2262	0.4164	0.4022	0.23158829	0.07311026
36.5	46.5	77.93925917794671	29.795118669733103	0.0577	0.0777	0.104	0.2394	0.2791	0.2897	0.2842	0.275	0.2723	0.2262	0.4695	0.4703	0.26124915	0.069206856
37.5	46.5	77.93935141764149	29.795118669733103	0.0577	0.0785	0.1022	0.2376	0.2791	0.2897	0.2842	0.276	0.2723	0.2262	0.4695	0.4703	0.25955737	0.074766345
38.5	46.5	77.93944365733627	29.795118669733103	0.0619	0.0782	0.107	0.2226	0.2675	0.279	0.2781	0.2705	0.2688	0.2733	0.4319	0.4337	0.22978358	0.09714055
16.5	47.5	77.93741438405118	29.795026430038327	0.0753	0.0596	0.0858	0.1366	0.1456	0.1882	0.2067	0.2481	0.1849	0.1497	0.2763	0.2106	0.053775772	0.28983623
29.5	47.5	77.93861350008328	29.795026430038327	0.0996	0.0678	0.0841	0.1588	0.1972	0.2144	0.2179	0.187	0.2104	0.2534	0.3319	0.3008	0.27924454	0.081550024
30.5	47.5	77.93870573977806	29.795026430038327	0.0996	0.0689	0.0847	0.1932	0.1972	0.2144	0.2179	0.218	0.2104	0.2534	0.3319	0.3008	0.20712858	0.060311254
31.5	47.5	77.93879797947284	29.795026430038327	0.0751	0.0673	0.0882	0.2046	0.256	0.2642	0.2583	0.2282	0.2452	0.2779	0.4089	0.3968	0.28362894	0.054528642
32.5	47.5	77.9388902191676	29.795026430038327	0.0751	0.0688	0.0902	0.2066	0.256	0.2642	0.2583	0.2362	0.2452	0.2779	0.4089	0.3968	0.26771042	0.066847354
33.5	47.5	77.93898245886238	29.795026430038327	0.0579	0.0769	0.0985	0.227	0.2734	0.2886	0.287	0.2592	0.2785	0.2779	0.4707	0.4663	0.28976572	0.066227905
34.5	47.5	77.93907469855716	29.795026430038327	0.0579	0.0802	0.1052	0.2458	0.2734	0.2886	0.287	0.2773	0.2785	0.2779	0.4707	0.4663	0.25855616	0.060217924
35.5	47.5	77.93916693825194	29.795026430038327	0.0553	0.0766	0.1052	0.2434	0.263	0.2939	0.3061	0.2825	0.2943	0.2779	0.4373	0.4238	0.21505974	0.07434875
36.5	47.5	77.93925917794671	29.795026430038327	0.0553	0.0766	0.1052	0.2434	0.263	0.2939	0.3061	0.2825	0.2943	0.2779	0.4373	0.4238	0.21505974	0.07434875
37.5	47.5	77.93935141764149	29.795026430038327	0.0553	0.0822	0.1074	0.2276	0.263	0.2939	0.3061	0.2814	0.2943	0.2779	0.4373	0.4238	0.21691944	0.10569745
28.5	48.5	77.9385212603885	29.79493419034355	0.1154	0.0682	0.0874	0.1634	0.2313	0.2415	0.235	0.1792	0.2249	0.2534	0.2992	0.2743	0.25083613	0.04611792
29.5	48.5	77.93861350008328	29.79493419034355	0.0996	0.0658	0.089	0.1896	0.1972	0.2144	0.2179	0.2193	0.2104	0.2534	0.3319	0.3008	0.20428157	0.072633885
30.5	48.5	77.93870573977806	29.79493419034355	0.0996	0.0673	0.086	0.1984	0.1972	0.2144	0.2179	0.2278	0.2104	0.2534	0.3319	0.3008	0.18599251	0.06898168
31.5	48.5	77.93879797947284	29.79493419034355	0.0751	0.068	0.0898	0.2058	0.256	0.2642	0.2583	0.2344	0.2452	0.2779	0.4089	0.3968	0.27125755	0.064970486
32.5	48.5	77.9388902191676	29.79493419034355	0.0751	0.0762	0.1007	0.2238	0.256	0.2642	0.2583	0.2543	0.2452	0.2779	0.4089	0.3968	0.23311217	0.06379417
33.5	48.5	77.93898245886238	29.79493419034355	0.0579	0.0791	0.106	0.2398	0.2734	0.2886	0.287	0.2779	0.2785	0.2779	0.4707	0.4663	0.2575474	0.07359475
34.5	48.5	77.93907469855716	29.79493419034355	0.0579	0.0788	0.1056	0.2432	0.2734	0.2886	0.287	0.2843	0.2785	0.2779	0.4707	0.4663	0.24688742	0.077914685
35.5	48.5	77.93916693825194	29.79493419034355	0.0553	0.0772	0.1038	0.2216	0.263	0.2939	0.3061	0.2813	0.2943	0.2779	0.4373	0.4238	0.21708876	0.118711494
36.5	48.5	77.93925917794671	29.79493419034355	0.0553	0.0772	0.1038	0.2216	0.263	0.2939	0.3061	0.2813	0.2943	0.2779	0.4373	0.4238	0.21708876	0.118711494
27.5	49.5	77.93842902069373	29.794841950648774	0.0974	0.0633	0.0822	0.1444	0.2112	0.2203	0.2332	0.1729	0.211	0.2534	0.3268	0.3024	0.30798477	0.08982038
28.5	49.5	77.9385212603885	29.794841950648774	0.0974	0.068	0.0894	0.1944	0.2112	0.2203	0.2332	0.2225	0.211	0.2534	0.3268	0.3024	0.18987802	0.06740225
29.5	49.5	77.93861350008328	29.794841950648774	0.0859	0.0647	0.0907	0.198	0.2492	0.2647	0.2487	0.2291	0.2438	0.2534	0.3991	0.38	0.27061445	0.072816685
30.5	49.5	77.93870573977806	29.794841950648774	0.0859	0.0662	0.0878	0.2024	0.2492	0.2647	0.2487	0.23	0.2438	0.2534	0.3991	0.38	0.26879668	0.0638298
31.5	49.5	77.93879797947284	29.794841950648774	0.0691	0.0734	0.0966	0.2208	0.2679	0.2827	0.2803	0.2514	0.2624	0.2779	0.4615	0.4699	0.29471174	0.06480304
32.5	49.5	77.9388902191676	29.794841950648774	0.0691	0.0804	0.1046	0.2308	0.2679	0.2827	0.2803	0.267	0.2624	0.2779	0.4615	0.4699	0.26698697	0.07271994
33.5	49.5	77.93898245886238	29.794841950648774	0.0569	0.0786	0.1038	0.2394	0.2503	0.291	0.2926	0.2763	0.286	0.2779	0.4394	0.4241	0.22788875	0.07155325
34.5	49.5	77.93907469855716	29.794841950648774	0.0569	0.0775	0.1074	0.225	0.2503	0.291	0.2926	0.2834	0.286	0.2779	0.4394	0.4241	0.21582733	0.11487019
35.5	49.5	77.93916693825194	29.794841950648774	0.0548	0.0738	0.1076	0.167	0.195	0.2624	0.2926	0.305	0.2999	0.2779	0.3494	0.301	0.06784842	0.2923729
26.5	50.5	77.93833678099895	29.794749710953997	0.0974	0.0711	0.0904	0.1914	0.2112	0.2203	0.2332	0.2153	0.211	0.2534	0.3268	0.3024	0.2056816	0.058765642
27.5	50.5	77.93842902069373	29.794749710953997	0.0974	0.0711	0.0904	0.1914	0.2112	0.2203	0.2332	0.2153	0.211	0.2534	0.3268	0.3024	0.2056816	0.058765642
28.5	50.5	77.9385212603885	29.794749710953997	0.0974	0.062	0.0861	0.201	0.2112	0.2203	0.2332	0.2285	0.211	0.2534	0.3268	0.3024	0.17702143	0.06402791
29.5	50.5	77.93861350008328	29.794749710953997	0.0859	0.0698	0.0916	0.2046	0.2492	0.2647	0.2487	0.2312	0.2438	0.2534	0.3991	0.38	0.2663811	0.061037146
30.5	50.5	77.93870573977806	29.794749710953997	0.0859	0.0742	0.0986	0.2212	0.2492	0.2647	0.2487	0.254	0.2438	0.2534	0.3991	0.38	0.22217117	0.06902357
31.5	50.5	77.93879797947284	29.794749710953997	0.0691	0.0792	0.105	0.231	0.2679	0.2827	0.2803	0.2658	0.2624	0.2779	0.4615	0.4699	0.2690774	0.070048295
32.5	50.5	77.9388902191676	29.794749710953997	0.0691	0.0784	0.1024	0.2294	0.2679	0.2827	0.2803	0.2655	0.2624	0.2779	0.4615	0.4699	0.26960108	0.07294406
33.5	50.5	77.93898245886238	29.794749710953997	0.0569	0.0777	0.0972	0.2132	0.2503	0.291	0.2926	0.2676	0.286	0.2779	0.4394	0.4241	0.24299857	0.113144755
34.5	50.5	77.93907469855716	29.794749710953997	0.0569	0.0703	0.104	0.1676	0.2503	0.291	0.2926	0.282	0.286	0.2779	0.4394	0.4241	0.21818684	0.25444838
28.5	51.5	77.9385212603885	29.79465747125922	0.0916	0.0735	0.1034	0.2122	0.2306	0.2601	0.2665	0.2412	0.2556	0.2534	0.3279	0.3057	0.15234579	0.06396118
29.5	51.5	77.93861350008328	29.79465747125922	0.0829	0.073	0.0974	0.2166	0.2699	0.2911	0.272	0.2497	0.266	0.2534	0.4276	0.4263	0.26266056	0.070984334
30.5	51.5	77.93870573977806	29.79465747125922	0.0829	0.0813	0.1048	0.2298	0.2699	0.2911	0.272	0.2659	0.266	0.2534	0.4276	0.4263	0.23316513	0.07282628
31.5	51.5	77.93879797947284	29.79465747125922	0.0705	0.0792	0.1015	0.2298	0.2435	0.2619	0.2655	0.2702	0.2603	0.2779	0.4241	0.4231	0.22166209	0.08080003
32.5	51.5	77.9388902191676	29.79465747125922	0.0705	0.0791	0.1054	0.2156	0.2435	0.2619	0.2655	0.2556	0.2603	0.2779	0.4241	0.4231	0.2479035	0.08488966
33.5	51.5	77.93898245886238	29.79465747125922	0.0608	0.073	0.0952	0.1586	0.1892	0.2424	0.2595	0.252	0.27	0.2779	0.331	0.2904	0.13550599	0.22747199
29.5	52.5	77.93861350008328	29.794565231564444	0.0829	0.0926	0.1156	0.2264	0.2699	0.2911	0.272	0.2611	0.266	0.2534	0.4276	0.4263	0.24175984	0.07117947
30.5	52.5	77.93870573977806	29.794565231564444	0.0829	0.0767	0.1024	0.2304	0.2699	0.2911	0.272	0.2664	0.266	0.2534	0.4276	0.4263	0.23227663	0.072463796
31.5	52.5	77.93879797947284	29.794565231564444	0.0705	0.074	0.0992	0.216	0.2435	0.2619	0.2655	0.2558	0.2603	0.2779	0.4241	0.4231	0.2475364	0.08435778
30.5	53.5	77.93870573977806	29.794472991869668	0.0849	0.0886	0.1122	0.2252	0.2314	0.2555	0.2566	0.2666	0.2593	0.2354	0.3354	0.3255	0.11428567	0.08418059
