Pixel-X	Pixel-Y	Longitude	Latitude	B1	B2	B3	B4	B5	B6	B7	B8	B8A	B9	B11	B12	NDVI	NDWI	NDBI	PISI
58.5	5.5	77.9412884512318	29.798900497218938	0.0579	0.0583	0.0644	0.0578	0.0807	0.1154	0.1177	0.1228	0.1345	0.1517	0.1125	0.0749	0.3599114	0.24228628	-0.04377392	0.05233356
59.5	5.5	77.94138069092658	29.798900497218938	0.0613	0.0597	0.0654	0.0589	0.0858	0.114	0.1248	0.1178	0.1355	0.1337	0.1135	0.0755	0.33333334	0.21883084	-0.018590568	0.056347944
2.5	6.5	77.93612302832432	29.79880825752416	0.0611	0.0604	0.0792	0.0635	0.0991	0.1573	0.1759	0.1946	0.1811	0.1835	0.1252	0.076	0.5079427	0.43828532	-0.21701062	0.0128765805
48.5	6.5	77.94036605428403	29.79880825752416	0.0607	0.0623	0.0761	0.065	0.0893	0.1311	0.1357	0.1544	0.1538	0.1645	0.1111	0.0698	0.40747496	0.3773417	-0.16308852	0.037487756
49.5	6.5	77.9404582939788	29.79880825752416	0.0607	0.0616	0.0706	0.0594	0.0893	0.1311	0.1357	0.147	0.1538	0.1645	0.1111	0.0698	0.4244186	0.35608858	-0.13909335	0.041158218
50.5	6.5	77.94055053367359	29.79880825752416	0.0607	0.0622	0.0768	0.0646	0.0967	0.136	0.1483	0.1484	0.1557	0.1645	0.1241	0.0814	0.39342722	0.29155785	-0.08917429	0.040846843
51.5	6.5	77.94064277336837	29.79880825752416	0.0607	0.0672	0.0836	0.0709	0.0967	0.136	0.1483	0.156	0.1557	0.1645	0.1241	0.0814	0.3750551	0.3142376	-0.113887906	0.040584236
52.5	6.5	77.94073501306313	29.79880825752416	0.0571	0.0678	0.0822	0.0713	0.098	0.136	0.1436	0.145	0.1571	0.1363	0.1266	0.0822	0.34073046	0.27640843	-0.067746684	0.047384262
53.5	6.5	77.94082725275791	29.79880825752416	0.0571	0.0678	0.0822	0.0713	0.098	0.136	0.1436	0.145	0.1571	0.1363	0.1266	0.0822	0.34073046	0.27640843	-0.067746684	0.047384262
54.5	6.5	77.9409194924527	29.79880825752416	0.0571	0.0641	0.0843	0.0756	0.098	0.136	0.1436	0.1504	0.1571	0.1363	0.1266	0.0822	0.33097345	0.29320723	-0.08592058	0.04125632
55.5	6.5	77.94101173214747	29.79880825752416	0.0571	0.061	0.0776	0.0678	0.0886	0.123	0.1335	0.1444	0.1431	0.1363	0.1199	0.0813	0.3609802	0.27957466	-0.09269768	0.0421578
56.5	6.5	77.94110397184224	29.79880825752416	0.0579	0.0597	0.0689	0.0651	0.0884	0.118	0.1281	0.1352	0.1373	0.1517	0.1172	0.0784	0.34997502	0.26591757	-0.07131534	0.046369046
57.5	6.5	77.94119621153702	29.79880825752416	0.0579	0.0538	0.0689	0.0636	0.0807	0.1154	0.1177	0.1317	0.1345	0.1517	0.1125	0.0749	0.34869426	0.27492738	-0.07862407	0.043543015
58.5	6.5	77.9412884512318	29.79880825752416	0.0579	0.0575	0.0686	0.0613	0.0807	0.1154	0.1177	0.1314	0.1345	0.1517	0.1125	0.0749	0.3637779	0.273873	-0.07749081	0.046746098
2.5	7.5	77.93612302832432	29.798716017829385	0.0611	0.0594	0.0764	0.0639	0.1022	0.1674	0.1853	0.1996	0.1956	0.1835	0.1294	0.077	0.5149905	0.44323933	-0.21337385	0.009189882
3.5	7.5	77.9362152680191	29.798716017829385	0.0611	0.059	0.0789	0.0647	0.0996	0.1669	0.1775	0.1974	0.1906	0.1835	0.1324	0.0814	0.5062953	0.41606888	-0.19708914	0.010123898
4.5	7.5	77.93630750771386	29.798716017829385	0.0611	0.0607	0.0785	0.0671	0.0996	0.1669	0.1775	0.1892	0.1906	0.1835	0.1324	0.0814	0.47639483	0.398374	-0.17661689	0.01621924
49.5	7.5	77.9404582939788	29.798716017829385	0.0607	0.0603	0.0776	0.0659	0.0893	0.1311	0.1357	0.1577	0.1538	0.1645	0.1111	0.0698	0.4105546	0.38637364	-0.17336309	0.033956807
50.5	7.5	77.94055053367359	29.798716017829385	0.0607	0.0626	0.0788	0.0703	0.0967	0.136	0.1483	0.1664	0.1557	0.1645	0.1241	0.0814	0.40599915	0.34301856	-0.14561102	0.03085152
51.5	7.5	77.94064277336837	29.798716017829385	0.0607	0.0649	0.0838	0.0738	0.0967	0.136	0.1483	0.1654	0.1557	0.1645	0.1241	0.0814	0.38294315	0.34035656	-0.14265975	0.033309184
52.5	7.5	77.94073501306313	29.798716017829385	0.0571	0.0677	0.0829	0.072	0.098	0.136	0.1436	0.1525	0.1571	0.1363	0.1266	0.0822	0.35857463	0.29953134	-0.0927983	0.043001086
53.5	7.5	77.94082725275791	29.798716017829385	0.0571	0.0667	0.0816	0.0759	0.098	0.136	0.1436	0.1494	0.1571	0.1363	0.1266	0.0822	0.32623166	0.29015544	-0.08260869	0.04395974
54.5	7.5	77.9409194924527	29.798716017829385	0.0571	0.0667	0.0816	0.0759	0.098	0.136	0.1436	0.1494	0.1571	0.1363	0.1266	0.0822	0.32623166	0.29015544	-0.08260869	0.04395974
55.5	7.5	77.94101173214747	29.798716017829385	0.0571	0.0605	0.0752	0.0668	0.0886	0.123	0.1335	0.1427	0.1431	0.1363	0.1199	0.0813	0.3622912	0.27410716	-0.08682406	0.04272315
56.5	7.5	77.94110397184224	29.798716017829385	0.0571	0.0578	0.0686	0.0614	0.0886	0.123	0.1335	0.1388	0.1431	0.1363	0.1199	0.0813	0.38661337	0.2612449	-0.07305756	0.042747963
57.5	7.5	77.94119621153702	29.798716017829385	0.0571	0.0544	0.0709	0.0619	0.0835	0.1203	0.1276	0.1305	0.1379	0.1363	0.1169	0.0762	0.35654888	0.26269957	-0.054971732	0.04472273
58.5	7.5	77.9412884512318	29.798716017829385	0.0571	0.0579	0.0677	0.0612	0.0835	0.1203	0.1276	0.1362	0.1379	0.1363	0.1169	0.0762	0.3799392	0.28248584	-0.07625444	0.044320982
2.5	8.5	77.93612302832432	29.79862377813461	0.0611	0.0594	0.0779	0.0649	0.1022	0.1674	0.1853	0.2036	0.1956	0.1835	0.1294	0.077	0.51657355	0.45117605	-0.22282283	0.0068958774
3.5	8.5	77.9362152680191	29.79862377813461	0.0611	0.059	0.0785	0.0661	0.0996	0.1669	0.1775	0.1974	0.1906	0.1835	0.1324	0.0814	0.4982922	0.41606888	-0.19708914	0.010123898
4.5	8.5	77.93630750771386	29.79862377813461	0.0611	0.0607	0.0774	0.0662	0.0996	0.1669	0.1775	0.182	0.1906	0.1835	0.1324	0.0814	0.4665592	0.38192862	-0.15776078	0.02034844
5.5	8.5	77.93639974740864	29.79862377813461	0.0616	0.0594	0.0779	0.0676	0.1007	0.1609	0.1726	0.1836	0.1845	0.1837	0.1349	0.0846	0.46178344	0.36912748	-0.15290421	0.018365884
49.5	8.5	77.9404582939788	29.79862377813461	0.0607	0.0613	0.0722	0.065	0.0757	0.1137	0.1176	0.1518	0.1232	0.1645	0.093	0.0629	0.40036905	0.41406617	-0.2401961	0.038159654
50.5	8.5	77.94055053367359	29.79862377813461	0.0607	0.0621	0.0776	0.0727	0.088	0.1309	0.1438	0.1714	0.1457	0.1645	0.1192	0.082	0.40434247	0.35280186	-0.17962834	0.027574424
51.5	8.5	77.94064277336837	29.79862377813461	0.0607	0.0625	0.081	0.074	0.088	0.1309	0.1438	0.1654	0.1457	0.1645	0.1192	0.082	0.3817878	0.33710587	-0.1623331	0.031343102
52.5	8.5	77.94073501306313	29.79862377813461	0.0571	0.0649	0.081	0.0724	0.091	0.1298	0.1369	0.1577	0.1508	0.1363	0.1211	0.0823	0.37070838	0.31416667	-0.1312769	0.037725132
53.5	8.5	77.94082725275791	29.79862377813461	0.0571	0.0626	0.0771	0.072	0.091	0.1298	0.1369	0.1486	0.1508	0.1363	0.1211	0.0823	0.34723482	0.28713727	-0.10196513	0.04105982
54.5	8.5	77.9409194924527	29.79862377813461	0.0571	0.0626	0.0771	0.072	0.091	0.1298	0.1369	0.1486	0.1508	0.1363	0.1211	0.0823	0.34723482	0.28713727	-0.10196513	0.04105982
55.5	8.5	77.94101173214747	29.79862377813461	0.0571	0.058	0.0705	0.0655	0.0831	0.119	0.1298	0.1464	0.14	0.1363	0.1183	0.0771	0.38178387	0.31006712	-0.106157936	0.038553197
56.5	8.5	77.94110397184224	29.79862377813461	0.0571	0.0575	0.0673	0.0636	0.0831	0.119	0.1298	0.1461	0.14	0.1363	0.1183	0.0771	0.39341915	0.3091398	-0.105143726	0.03831565
57.5	8.5	77.94119621153702	29.79862377813461	0.0571	0.0568	0.0667	0.0606	0.0803	0.1136	0.121	0.136	0.1297	0.1363	0.1124	0.0714	0.38351986	0.31147543	-0.09500807	0.043534555
58.5	8.5	77.9412884512318	29.79862377813461	0.0571	0.057	0.0673	0.0602	0.0835	0.1203	0.1276	0.1372	0.1379	0.1363	0.1169	0.0762	0.39007092	0.28584817	-0.07988981	0.0430102
2.5	9.5	77.93612302832432	29.798531538439832	0.0611	0.0567	0.0808	0.0653	0.1008	0.166	0.1815	0.1876	0.1895	0.1835	0.1276	0.0786	0.48359033	0.4094666	-0.19035533	0.013860038
3.5	9.5	77.9362152680191	29.798531538439832	0.0611	0.059	0.0785	0.0661	0.0985	0.158	0.1686	0.178	0.182	0.1835	0.1306	0.0777	0.45841867	0.3922566	-0.15359688	0.021249799
4.5	9.5	77.93630750771386	29.798531538439832	0.0611	0.0619	0.0769	0.0675	0.0985	0.158	0.1686	0.1752	0.182	0.1835	0.1306	0.0777	0.4437577	0.3855279	-0.14584693	0.025231281
5.5	9.5	77.93639974740864	29.798531538439832	0.0616	0.0586	0.075	0.0672	0.0942	0.1479	0.159	0.1704	0.1694	0.1837	0.1239	0.0748	0.43434343	0.38988578	-0.15800203	0.025280725
6.5	9.5	77.93649198710342	29.798531538439832	0.0616	0.059	0.0759	0.0656	0.0942	0.1479	0.159	0.1714	0.1694	0.1837	0.1239	0.0748	0.4464135	0.39236394	-0.16085337	0.025034903
7.5	9.5	77.9365842267982	29.798531538439832	0.0616	0.0596	0.0761	0.0637	0.0942	0.1394	0.151	0.1644	0.1581	0.1837	0.1227	0.0744	0.44147304	0.3768844	-0.14524555	0.02954092
50.5	9.5	77.94055053367359	29.798531538439832	0.0607	0.0608	0.072	0.0666	0.088	0.1309	0.1438	0.1422	0.1457	0.1645	0.1192	0.082	0.36206892	0.26851022	-0.08798774	0.043255664
51.5	9.5	77.94064277336837	29.798531538439832	0.0607	0.0617	0.0769	0.0666	0.088	0.1309	0.1438	0.1479	0.1457	0.1645	0.1192	0.082	0.37902096	0.28664637	-0.107450396	0.04072399
52.5	9.5	77.94073501306313	29.798531538439832	0.0571	0.0623	0.0759	0.071	0.091	0.1298	0.1369	0.1448	0.1508	0.1363	0.1211	0.0823	0.34198332	0.2752092	-0.08913127	0.042993356
53.5	9.5	77.94082725275791	29.798531538439832	0.0571	0.06	0.0759	0.0647	0.091	0.1298	0.1369	0.149	0.1508	0.1363	0.1211	0.0823	0.39447826	0.2883701	-0.10329509	0.038700495
54.5	9.5	77.9409194924527	29.798531538439832	0.0571	0.06	0.0759	0.0647	0.091	0.1298	0.1369	0.149	0.1508	0.1363	0.1211	0.0823	0.39447826	0.2883701	-0.10329509	0.038700495
55.5	9.5	77.94101173214747	29.798531538439832	0.0571	0.0556	0.0683	0.0591	0.0831	0.119	0.1298	0.1434	0.14	0.1363	0.1183	0.0771	0.4162963	0.30068025	-0.095911354	0.03830762
56.5	9.5	77.94110397184224	29.798531538439832	0.0571	0.0571	0.0659	0.0611	0.0831	0.119	0.1298	0.1337	0.14	0.1363	0.1183	0.0771	0.37268993	0.26850092	-0.06111111	0.045099374
57.5	9.5	77.94119621153702	29.798531538439832	0.0571	0.0561	0.0654	0.0579	0.0803	0.1136	0.121	0.1305	0.1297	0.1363	0.1124	0.0714	0.38535032	0.29271916	-0.07451627	0.04611537
2.5	10.5	77.93612302832432	29.798439298745055	0.0611	0.0582	0.0767	0.0678	0.1008	0.166	0.1815	0.1923	0.1895	0.1835	0.1276	0.0786	0.47866207	0.4197121	-0.20225072	0.012393388
3.5	10.5	77.9362152680191	29.798439298745055	0.0611	0.059	0.0769	0.0675	0.0985	0.158	0.1686	0.1737	0.182	0.1835	0.1306	0.0777	0.4402985	0.3818616	-0.14163654	0.023715848
4.5	10.5	77.93630750771386	29.798439298745055	0.0611	0.0597	0.0747	0.0662	0.0985	0.158	0.1686	0.1746	0.182	0.1835	0.1306	0.0777	0.4501661	0.3840666	-0.14416775	0.023773137
5.5	10.5	77.93639974740864	29.798439298745055	0.0616	0.0571	0.0713	0.0653	0.0942	0.1479	0.159	0.1694	0.1694	0.1837	0.1239	0.0748	0.44354495	0.3873874	-0.1551313	0.024625417
6.5	10.5	77.93649198710342	29.798439298745055	0.0616	0.0583	0.0764	0.0642	0.0942	0.1479	0.159	0.161	0.1694	0.1837	0.1239	0.0748	0.42984015	0.36556405	-0.13022114	0.030425861
17.5	10.5	77.93750662374596	29.798439298745055	0.0619	0.0626	0.0786	0.0664	0.0997	0.1726	0.1822	0.1752	0.199	0.1786	0.1325	0.0861	0.45033112	0.34098738	-0.13877156	0.02580472
18.5	10.5	77.93759886344074	29.798439298745055	0.0619	0.0621	0.0786	0.0662	0.0997	0.1726	0.1822	0.1849	0.199	0.1786	0.1325	0.0861	0.47272003	0.36457565	-0.1650914	0.01983217
51.5	10.5	77.94064277336837	29.798439298745055	0.0607	0.0597	0.072	0.0643	0.0792	0.1148	0.123	0.1279	0.1253	0.1645	0.1041	0.0666	0.33090532	0.3151671	-0.10258624	0.050555587
52.5	10.5	77.94073501306313	29.798439298745055	0.0571	0.0597	0.0684	0.0659	0.0814	0.1183	0.1305	0.1303	0.1338	0.1363	0.1097	0.0748	0.32823652	0.27059972	-0.085833326	0.04917919
53.5	10.5	77.94082725275791	29.798439298745055	0.0571	0.0593	0.0688	0.058	0.0814	0.1183	0.1305	0.1318	0.1338	0.1363	0.1097	0.0748	0.38883033	0.27589545	-0.09151136	0.047991265
54.5	10.5	77.9409194924527	29.798439298745055	0.0571	0.0593	0.0688	0.058	0.0814	0.1183	0.1305	0.1318	0.1338	0.1363	0.1097	0.0748	0.38883033	0.27589545	-0.09151136	0.047991265
55.5	10.5	77.94101173214747	29.798439298745055	0.0571	0.0574	0.0657	0.0551	0.0769	0.1144	0.1264	0.1318	0.1353	0.1363	0.1097	0.0731	0.41037986	0.2864812	-0.09151136	0.046434782
56.5	10.5	77.94110397184224	29.798439298745055	0.0571	0.0571	0.0673	0.0584	0.0769	0.1144	0.1264	0.1206	0.1353	0.1363	0.1097	0.0731	0.34748602	0.24522457	-0.047329564	0.052612223
57.5	10.5	77.94119621153702	29.798439298745055	0.0571	0.0556	0.0659	0.0575	0.0779	0.1146	0.1151	0.1213	0.1331	0.1363	0.1071	0.0699	0.35682324	0.26882845	-0.062171604	0.050981972
2.5	11.5	77.93612302832432	29.79834705905028	0.0629	0.0585	0.0761	0.0659	0.0973	0.1493	0.1611	0.1804	0.1674	0.1734	0.1227	0.0748	0.46488023	0.41379312	-0.19036622	0.0194638
3.5	11.5	77.9362152680191	29.79834705905028	0.0629	0.0597	0.0761	0.0667	0.0968	0.1478	0.1555	0.1706	0.1677	0.1734	0.122	0.0771	0.4378424	0.37747273	-0.16609704	0.026067143
4.5	11.5	77.93630750771386	29.79834705905028	0.0629	0.0583	0.0755	0.0653	0.0968	0.1478	0.1555	0.1694	0.1677	0.1734	0.122	0.0771	0.44354495	0.3744422	-0.16266301	0.025608456
5.5	11.5	77.93639974740864	29.79834705905028	0.063	0.0577	0.0738	0.0651	0.0908	0.1369	0.1462	0.1654	0.1564	0.1743	0.1189	0.0737	0.435141	0.38352153	-0.16355962	0.027410941
16.5	11.5	77.93741438405118	29.79834705905028	0.0656	0.0663	0.0866	0.0783	0.1093	0.1694	0.1837	0.2072	0.1881	0.1817	0.1552	0.1097	0.45148864	0.30766803	-0.14348786	0.010483755
17.5	11.5	77.93750662374596	29.79834705905028	0.0619	0.0641	0.0855	0.0701	0.0997	0.1726	0.1822	0.205	0.199	0.1786	0.1325	0.0861	0.4903671	0.40845072	-0.21481484	0.009943219
18.5	11.5	77.93759886344074	29.79834705905028	0.0619	0.0641	0.0855	0.0701	0.0997	0.1726	0.1822	0.205	0.199	0.1786	0.1325	0.0861	0.4903671	0.40845072	-0.21481484	0.009943219
51.5	11.5	77.94064277336837	29.79834705905028	0.0607	0.0611	0.0703	0.0619	0.0792	0.1148	0.123	0.1379	0.1253	0.1645	0.1041	0.0666	0.38038036	0.34865522	-0.13966942	0.04596747
52.5	11.5	77.94073501306313	29.79834705905028	0.0571	0.0607	0.068	0.0596	0.0814	0.1183	0.1305	0.1414	0.1338	0.1363	0.1097	0.0748	0.40696517	0.3080481	-0.1262445	0.04363254
53.5	11.5	77.94082725275791	29.79834705905028	0.0571	0.0572	0.0662	0.0598	0.0814	0.1183	0.1305	0.1337	0.1338	0.1363	0.1097	0.0748	0.38191214	0.282494	-0.09860311	0.04518129
54.5	11.5	77.9409194924527	29.79834705905028	0.0571	0.0586	0.068	0.0582	0.0769	0.1144	0.1264	0.1372	0.1353	0.1363	0.1097	0.0731	0.40429884	0.30480266	-0.11138111	0.044320922
55.5	11.5	77.94101173214747	29.79834705905028	0.0571	0.0586	0.068	0.0582	0.0769	0.1144	0.1264	0.1372	0.1353	0.1363	0.1097	0.0731	0.40429884	0.30480266	-0.11138111	0.044320922
56.5	11.5	77.94110397184224	29.79834705905028	0.0571	0.0547	0.0669	0.0574	0.0769	0.1144	0.1264	0.1237	0.1353	0.1363	0.1097	0.0731	0.36609608	0.2571138	-0.059982855	0.048868287
2.5	12.5	77.93612302832432	29.798254819355503	0.0629	0.0585	0.0796	0.0667	0.0973	0.1493	0.1611	0.1604	0.1674	0.1734	0.1227	0.0748	0.4125936	0.3639456	-0.1331685	0.030933797
3.5	12.5	77.9362152680191	29.798254819355503	0.0629	0.0639	0.08	0.0674	0.0968	0.1478	0.1555	0.1619	0.1677	0.1734	0.122	0.0771	0.41212386	0.3548117	-0.14054243	0.03449723
4.5	12.5	77.93630750771386	29.798254819355503	0.0629	0.06	0.0756	0.0668	0.0968	0.1478	0.1555	0.1612	0.1677	0.1734	0.122	0.0771	0.4140351	0.35291648	-0.13841808	0.031703796
16.5	12.5	77.93741438405118	29.798254819355503	0.0656	0.0717	0.0943	0.0946	0.1093	0.1694	0.1837	0.171	0.1881	0.1817	0.1552	0.1097	0.28765061	0.21838261	-0.048436537	0.03566814
17.5	12.5	77.93750662374596	29.798254819355503	0.0656	0.0663	0.0866	0.0799	0.1093	0.1694	0.1837	0.1882	0.1881	0.1817	0.1552	0.1097	0.40395376	0.26351124	-0.09609782	0.021380259
18.5	12.5	77.93759886344074	29.798254819355503	0.0656	0.0617	0.0803	0.0681	0.1093	0.1694	0.1837	0.2056	0.1881	0.1817	0.1552	0.1097	0.5023749	0.30415475	-0.13968955	0.007633045
52.5	12.5	77.94073501306313	29.798254819355503	0.0612	0.0601	0.0666	0.057	0.0794	0.1191	0.1281	0.1348	0.1377	0.1341	0.1072	0.0676	0.40563086	0.33201584	-0.114049606	0.04692612
53.5	12.5	77.94082725275791	29.798254819355503	0.0612	0.0592	0.0662	0.0593	0.0794	0.1191	0.1281	0.1382	0.1377	0.1341	0.1072	0.0676	0.39949366	0.34305152	-0.12632439	0.04423894
54.5	12.5	77.9409194924527	29.798254819355503	0.0612	0.0568	0.0692	0.0603	0.0771	0.1084	0.1212	0.1404	0.1218	0.1341	0.1084	0.0697	0.39910316	0.33650643	-0.12861738	0.041011155
55.5	12.5	77.94101173214747	29.798254819355503	0.0612	0.0568	0.0692	0.0603	0.0771	0.1084	0.1212	0.1404	0.1218	0.1341	0.1084	0.0697	0.39910316	0.33650643	-0.12861738	0.041011155
56.5	12.5	77.94110397184224	29.798254819355503	0.0612	0.058	0.068	0.0594	0.0771	0.1084	0.1212	0.1359	0.1218	0.1341	0.1084	0.0697	0.3917051	0.32198444	-0.11256653	0.044574946
2.5	13.5	77.93612302832432	29.798162579660726	0.0629	0.0606	0.079	0.0695	0.0935	0.139	0.1501	0.1594	0.1588	0.1734	0.1185	0.074	0.39274794	0.36589545	-0.14717524	0.03322762
3.5	13.5	77.9362152680191	29.798162579660726	0.0629	0.0602	0.0777	0.0663	0.0938	0.1379	0.1475	0.1589	0.1547	0.1734	0.1173	0.0713	0.41119006	0.38053864	-0.15061548	0.033186693
15.5	13.5	77.93732214435641	29.798162579660726	0.0656	0.0781	0.098	0.1096	0.1251	0.1375	0.1464	0.1532	0.1543	0.1817	0.1966	0.1831	0.16590564	-0.08890871	0.124070905	0.051119324
16.5	13.5	77.93741438405118	29.798162579660726	0.0656	0.0708	0.0835	0.0895	0.1068	0.1443	0.1521	0.1432	0.1644	0.1817	0.1476	0.112	0.2307692	0.122257024	0.0151306745	0.050874162
17.5	13.5	77.93750662374596	29.798162579660726	0.0656	0.0684	0.0838	0.0748	0.1068	0.1443	0.1521	0.1722	0.1644	0.1817	0.1476	0.112	0.39433196	0.21182263	-0.07692308	0.032276586
18.5	13.5	77.93759886344074	29.798162579660726	0.0656	0.0684	0.0838	0.0748	0.1068	0.1443	0.1521	0.1722	0.1644	0.1817	0.1476	0.112	0.39433196	0.21182263	-0.07692308	0.032276586
53.5	13.5	77.94082725275791	29.798162579660726	0.0612	0.0567	0.0686	0.059	0.0794	0.1191	0.1281	0.1332	0.1377	0.1341	0.1072	0.0676	0.3860562	0.32669327	-0.10815311	0.045058437
54.5	13.5	77.9409194924527	29.798162579660726	0.0612	0.0537	0.0651	0.0586	0.0771	0.1084	0.1212	0.1194	0.1218	0.1341	0.1084	0.0697	0.34157303	0.26282388	-0.04828797	0.050515138
55.5	13.5	77.94101173214747	29.798162579660726	0.0612	0.0537	0.0651	0.0586	0.0771	0.1084	0.1212	0.1194	0.1218	0.1341	0.1084	0.0697	0.34157303	0.26282388	-0.04828797	0.050515138
56.5	13.5	77.94110397184224	29.798162579660726	0.0612	0.0551	0.0653	0.0577	0.0771	0.1084	0.1212	0.1148	0.1218	0.1341	0.1084	0.0697	0.33101448	0.24444441	-0.02867382	0.054300122
2.5	14.5	77.93612302832432	29.79807033996595	0.0629	0.0602	0.0785	0.0687	0.0935	0.139	0.1501	0.1606	0.1588	0.1734	0.1185	0.074	0.400785	0.369139	-0.15084201	0.032211736
14.5	14.5	77.93722990466163	29.79807033996595	0.0656	0.0822	0.1004	0.1148	0.1251	0.1375	0.1464	0.1588	0.1543	0.1817	0.1966	0.1831	0.16081874	-0.0710734	0.10635903	0.051266436
15.5	14.5	77.93732214435641	29.79807033996595	0.0656	0.0763	0.0938	0.1084	0.1251	0.1375	0.1464	0.15	0.1543	0.1817	0.1966	0.1831	0.16099072	-0.09936954	0.13444893	0.051479958
16.5	14.5	77.93741438405118	29.79807033996595	0.0656	0.0633	0.0826	0.0827	0.1068	0.1443	0.1521	0.148	0.1644	0.1817	0.1476	0.112	0.28305158	0.13846153	-0.0013532029	0.041977357
17.5	14.5	77.93750662374596	29.79807033996595	0.0656	0.0627	0.0821	0.0705	0.1068	0.1443	0.1521	0.17	0.1644	0.1817	0.1476	0.112	0.4137214	0.20567375	-0.07052899	0.028868841
18.5	14.5	77.93759886344074	29.79807033996595	0.0656	0.0627	0.0821	0.0705	0.1068	0.1443	0.1521	0.17	0.1644	0.1817	0.1476	0.112	0.4137214	0.20567375	-0.07052899	0.028868841
19.5	14.5	77.93769110313552	29.79807033996595	0.0649	0.0654	0.0883	0.0807	0.1056	0.1626	0.1804	0.1804	0.1817	0.2043	0.1418	0.0982	0.381846	0.29504666	-0.11980136	0.025116278
53.5	14.5	77.94082725275791	29.79807033996595	0.0612	0.0568	0.0639	0.0536	0.0754	0.1196	0.1274	0.1185	0.1339	0.1341	0.1018	0.0677	0.37710634	0.27282494	-0.075805716	0.05357081
54.5	14.5	77.9409194924527	29.79807033996595	0.0612	0.0541	0.0651	0.0585	0.0791	0.1119	0.1123	0.1134	0.125	0.1341	0.1047	0.0725	0.31937173	0.22001076	-0.03988995	0.05428382
55.5	14.5	77.94101173214747	29.79807033996595	0.0612	0.0541	0.0651	0.0585	0.0791	0.1119	0.1123	0.1134	0.125	0.1341	0.1047	0.0725	0.31937173	0.22001076	-0.03988995	0.05428382
14.5	15.5	77.93722990466163	29.797978100271173	0.0656	0.0786	0.098	0.1102	0.1094	0.1381	0.1459	0.1524	0.1503	0.1817	0.1684	0.1481	0.16070068	0.014309478	0.04987532	0.051987715
15.5	15.5	77.93732214435641	29.797978100271173	0.0656	0.0713	0.0848	0.0879	0.1094	0.1381	0.1459	0.1434	0.1503	0.1817	0.1684	0.1481	0.23994812	-0.016123516	0.080179624	0.05116906
16.5	15.5	77.93741438405118	29.797978100271173	0.0656	0.0614	0.0803	0.0698	0.0939	0.1455	0.1519	0.1562	0.1633	0.1817	0.1249	0.0796	0.3823009	0.3248516	-0.1113483	0.035718177
17.5	15.5	77.93750662374596	29.797978100271173	0.0656	0.0617	0.0789	0.0683	0.0939	0.1455	0.1519	0.1666	0.1633	0.1817	0.1249	0.0796	0.41847596	0.35337126	-0.14305319	0.02999954
18.5	15.5	77.93759886344074	29.797978100271173	0.0649	0.0627	0.0791	0.0687	0.1023	0.1565	0.1709	0.172	0.1766	0.2043	0.1256	0.0793	0.42916495	0.36888182	-0.15591401	0.027721839
19.5	15.5	77.93769110313552	29.797978100271173	0.0649	0.0627	0.0791	0.0687	0.1023	0.1565	0.1709	0.172	0.1766	0.2043	0.1256	0.0793	0.42916495	0.36888182	-0.15591401	0.027721839
54.5	15.5	77.9409194924527	29.797978100271173	0.0612	0.0596	0.0704	0.0612	0.0791	0.1119	0.1123	0.1332	0.125	0.1341	0.1047	0.0725	0.3703704	0.29508996	-0.11979826	0.047434118
55.5	15.5	77.94101173214747	29.797978100271173	0.0612	0.0646	0.0746	0.0691	0.0791	0.1119	0.1123	0.1151	0.125	0.1341	0.1047	0.0725	0.24972855	0.22707888	-0.04731573	0.06191047
13.5	16.5	77.93713766496685	29.797885860576397	0.0656	0.0783	0.099	0.1164	0.1296	0.1414	0.1467	0.154	0.1627	0.1817	0.2085	0.2023	0.13905324	-0.13555992	0.15034482	0.05082436
14.5	16.5	77.93722990466163	29.797885860576397	0.0656	0.0738	0.088	0.092	0.1094	0.1381	0.1459	0.1437	0.1503	0.1817	0.1684	0.1481	0.21934664	-0.01507882	0.079141304	0.053045005
15.5	16.5	77.93732214435641	29.797885860576397	0.0656	0.0656	0.0768	0.0733	0.1094	0.1381	0.1459	0.1512	0.1503	0.1817	0.1684	0.1481	0.34699333	0.010357477	0.0538173	0.042026322
16.5	16.5	77.93741438405118	29.797885860576397	0.0656	0.0622	0.0786	0.0675	0.0939	0.1455	0.1519	0.166	0.1633	0.1817	0.1249	0.0796	0.4218415	0.35179153	-0.14128566	0.030753242
17.5	16.5	77.93750662374596	29.797885860576397	0.0656	0.0591	0.078	0.068	0.0939	0.1455	0.1519	0.1665	0.1633	0.1817	0.1249	0.0796	0.42004263	0.3531085	-0.1427591	0.027926967
18.5	16.5	77.93759886344074	29.797885860576397	0.0649	0.0618	0.0807	0.0686	0.1023	0.1565	0.1709	0.1719	0.1766	0.2043	0.1256	0.0793	0.42952186	0.3686306	-0.15563028	0.027041906
19.5	16.5	77.93769110313552	29.797885860576397	0.0649	0.0618	0.0807	0.0686	0.1023	0.1565	0.1709	0.1719	0.1766	0.2043	0.1256	0.0793	0.42952186	0.3686306	-0.15563028	0.027041906
55.5	16.5	77.94101173214747	29.797885860576397	0.0612	0.0615	0.0697	0.0632	0.082	0.1203	0.1249	0.1318	0.1315	0.1341	0.1074	0.0722	0.35179487	0.29215685	-0.102006674	0.049793504
12.5	17.5	77.93704542527207	29.79779362088162	0.0623	0.0755	0.0948	0.1058	0.1002	0.1172	0.1234	0.142	0.1244	0.165	0.1443	0.1305	0.14608556	0.042201836	0.008033511	0.055412594
13.5	17.5	77.93713766496685	29.79779362088162	0.0623	0.0726	0.088	0.0995	0.1002	0.1172	0.1234	0.1431	0.1244	0.165	0.1443	0.1305	0.17971967	0.046052594	0.004175384	0.052406073
14.5	17.5	77.93722990466163	29.79779362088162	0.0623	0.0668	0.0775	0.0739	0.091	0.1262	0.1468	0.1417	0.1399	0.165	0.1246	0.0905	0.31447124	0.22049959	-0.06421329	0.048457608
15.5	17.5	77.93732214435641	29.79779362088162	0.0623	0.06	0.0775	0.0661	0.091	0.1262	0.1468	0.1568	0.1399	0.165	0.1246	0.0905	0.40690893	0.26809546	-0.114427865	0.034227196
16.5	17.5	77.93741438405118	29.79779362088162	0.0623	0.0612	0.0809	0.0673	0.0953	0.159	0.1686	0.1714	0.1777	0.165	0.1192	0.0687	0.43611225	0.42773843	-0.17962834	0.026837142
17.5	17.5	77.93750662374596	29.79779362088162	0.0623	0.0596	0.0789	0.0654	0.0953	0.159	0.1686	0.1669	0.1777	0.165	0.1192	0.0687	0.436935	0.41680813	-0.1667249	0.028107174
18.5	17.5	77.93759886344074	29.79779362088162	0.0619	0.0612	0.0832	0.0653	0.1076	0.1863	0.2058	0.1845	0.2076	0.1772	0.1136	0.0694	0.4771817	0.45332807	-0.23783964	0.019324293
19.5	17.5	77.93769110313552	29.79779362088162	0.0619	0.0612	0.0832	0.0653	0.1076	0.1863	0.2058	0.1845	0.2076	0.1772	0.1136	0.0694	0.4771817	0.45332807	-0.23783964	0.019324293
20.5	17.5	77.93778334283029	29.79779362088162	0.0619	0.0621	0.0866	0.0655	0.1076	0.1863	0.2058	0.1941	0.2076	0.1772	0.1136	0.0694	0.49537754	0.47324482	-0.26161847	0.0145559665
12.5	18.5	77.93704542527207	29.797701381186844	0.0623	0.0639	0.0775	0.0838	0.1002	0.1172	0.1234	0.1086	0.1244	0.165	0.1443	0.1305	0.1288981	-0.0915935	0.14116251	0.06506478
13.5	18.5	77.93713766496685	29.797701381186844	0.0623	0.06	0.076	0.0728	0.1002	0.1172	0.1234	0.121	0.1244	0.165	0.1443	0.1305	0.24870999	-0.03777338	0.087825105	0.0547585
14.5	18.5	77.93722990466163	29.797701381186844	0.0623	0.0585	0.0745	0.0649	0.091	0.1262	0.1468	0.1471	0.1399	0.165	0.1246	0.0905	0.38773584	0.2382155	-0.08281193	0.038561348
15.5	18.5	77.93732214435641	29.797701381186844	0.0623	0.0583	0.0783	0.0642	0.091	0.1262	0.1468	0.1639	0.1399	0.165	0.1246	0.0905	0.437089	0.28852203	-0.13622184	0.028762707
16.5	18.5	77.93741438405118	29.797701381186844	0.0623	0.0594	0.0786	0.0673	0.0953	0.159	0.1686	0.17	0.1777	0.165	0.1192	0.0687	0.4327855	0.42438206	-0.17565699	0.026165478
17.5	18.5	77.93750662374596	29.797701381186844	0.0623	0.0622	0.0783	0.065	0.0953	0.159	0.1686	0.1801	0.1777	0.165	0.1192	0.0687	0.46960425	0.44774917	-0.20347476	0.022666892
18.5	18.5	77.93759886344074	29.797701381186844	0.0619	0.0633	0.0862	0.0641	0.1076	0.1863	0.2058	0.2353	0.2076	0.1772	0.1136	0.0694	0.5718103	0.54447	-0.34881055	-0.008089194
19.5	18.5	77.93769110313552	29.797701381186844	0.0619	0.0633	0.0862	0.0641	0.1076	0.1863	0.2058	0.2353	0.2076	0.1772	0.1136	0.0694	0.5718103	0.54447	-0.34881055	-0.008089194
20.5	18.5	77.93778334283029	29.797701381186844	0.0619	0.0612	0.0849	0.0583	0.1076	0.1863	0.2058	0.2525	0.2076	0.1772	0.1136	0.0694	0.6248391	0.5688102	-0.37940452	-0.019673709
11.5	19.5	77.93695318557731	29.797609141492067	0.064	0.0666	0.0809	0.0797	0.1	0.1488	0.1612	0.1562	0.1748	0.1732	0.133	0.0932	0.32428998	0.25260627	-0.08022132	0.03997802
12.5	19.5	77.93704542527207	29.797609141492067	0.0623	0.0621	0.0727	0.0689	0.0891	0.128	0.1279	0.1202	0.1519	0.165	0.1208	0.0851	0.27128506	0.1709693	0.0024896378	0.05693762
13.5	19.5	77.93713766496685	29.797609141492067	0.0623	0.0577	0.0661	0.0571	0.0891	0.128	0.1279	0.1049	0.1519	0.165	0.1208	0.0851	0.29506174	0.104210526	0.0704475	0.06210769
14.5	19.5	77.93722990466163	29.797609141492067	0.0623	0.0585	0.0724	0.0603	0.078	0.1219	0.1293	0.1344	0.1431	0.165	0.1054	0.0709	0.3805855	0.30930343	-0.12093408	0.0458448
15.5	19.5	77.93732214435641	29.797609141492067	0.0623	0.0614	0.0749	0.0634	0.078	0.1219	0.1293	0.1566	0.1431	0.165	0.1054	0.0709	0.42363635	0.3767033	-0.19541983	0.03548878
16.5	19.5	77.93741438405118	29.797609141492067	0.0623	0.06	0.0766	0.0662	0.0894	0.1608	0.1643	0.1686	0.1741	0.165	0.102	0.0629	0.4361158	0.45658746	-0.24611972	0.027459903
17.5	19.5	77.93750662374596	29.797609141492067	0.0623	0.0631	0.0813	0.0645	0.0894	0.1608	0.1643	0.2086	0.1741	0.165	0.102	0.0629	0.5276456	0.5366483	-0.3432067	0.0070594223
18.5	19.5	77.93759886344074	29.797609141492067	0.0619	0.0596	0.0866	0.0596	0.1066	0.1983	0.2196	0.2514	0.2216	0.1772	0.1142	0.0655	0.61672026	0.5866204	-0.3752735	-0.020353576
19.5	19.5	77.93769110313552	29.797609141492067	0.0619	0.0612	0.0835	0.0539	0.1066	0.1983	0.2196	0.2642	0.2216	0.1772	0.1142	0.0655	0.66111284	0.6026691	-0.3964059	-0.02638366
20.5	19.5	77.93778334283029	29.797609141492067	0.0619	0.0612	0.0835	0.0539	0.1066	0.1983	0.2196	0.2642	0.2216	0.1772	0.1142	0.0655	0.66111284	0.6026691	-0.3964059	-0.02638366
10.5	20.5	77.93686094588253	29.79751690179729	0.064	0.0639	0.0839	0.0717	0.1	0.1488	0.1612	0.1945	0.1748	0.1732	0.133	0.0932	0.4613073	0.3521029	-0.18778625	0.015801132
11.5	20.5	77.93695318557731	29.79751690179729	0.064	0.0639	0.0839	0.0717	0.1	0.1488	0.1612	0.1945	0.1748	0.1732	0.133	0.0932	0.4613073	0.3521029	-0.18778625	0.015801132
12.5	20.5	77.93704542527207	29.79751690179729	0.0623	0.0625	0.0797	0.0716	0.0891	0.128	0.1279	0.165	0.1519	0.165	0.1208	0.0851	0.39475912	0.31947222	-0.15465361	0.031572495
13.5	20.5	77.93713766496685	29.79751690179729	0.0623	0.0586	0.0677	0.0614	0.0891	0.128	0.1279	0.1353	0.1519	0.165	0.1208	0.0851	0.375699	0.22776766	-0.05661848	0.045410573
14.5	20.5	77.93722990466163	29.79751690179729	0.0623	0.0585	0.0631	0.0556	0.078	0.1219	0.1293	0.1294	0.1431	0.165	0.1054	0.0709	0.39891893	0.2920619	-0.102214634	0.0487123
15.5	20.5	77.93732214435641	29.79751690179729	0.0623	0.0556	0.0669	0.0547	0.078	0.1219	0.1293	0.1218	0.1431	0.165	0.1054	0.0709	0.38017	0.26414114	-0.07218307	0.050695222
16.5	20.5	77.93741438405118	29.79751690179729	0.0623	0.0565	0.0729	0.0596	0.0894	0.1608	0.1643	0.1413	0.1741	0.165	0.102	0.0629	0.40666997	0.3839373	-0.16152896	0.040249255
17.5	20.5	77.93750662374596	29.79751690179729	0.0623	0.0612	0.0819	0.0624	0.0894	0.1608	0.1643	0.1947	0.1741	0.165	0.102	0.0629	0.5145858	0.511646	-0.31243682	0.013474589
18.5	20.5	77.93759886344074	29.79751690179729	0.0619	0.0614	0.0836	0.0592	0.1066	0.1983	0.2196	0.2265	0.2216	0.1772	0.1142	0.0655	0.5855793	0.5513699	-0.3296155	-0.0045988727
19.5	20.5	77.93769110313552	29.79751690179729	0.0619	0.0596	0.0802	0.0604	0.1066	0.1983	0.2196	0.2239	0.2216	0.1772	0.1142	0.0655	0.5750967	0.5473393	-0.3244602	-0.0045823334
20.5	20.5	77.93778334283029	29.79751690179729	0.0619	0.0596	0.0802	0.0604	0.1066	0.1983	0.2196	0.2239	0.2216	0.1772	0.1142	0.0655	0.5750967	0.5473393	-0.3244602	-0.0045823334
10.5	21.5	77.93686094588253	29.797424662102515	0.064	0.0625	0.0814	0.0668	0.1027	0.1638	0.1787	0.1951	0.1928	0.1732	0.1318	0.0814	0.48988163	0.41121155	-0.19363719	0.014310153
11.5	21.5	77.93695318557731	29.797424662102515	0.064	0.0625	0.0814	0.0668	0.1027	0.1638	0.1787	0.1951	0.1928	0.1732	0.1318	0.0814	0.48988163	0.41121155	-0.19363719	0.014310153
12.5	21.5	77.93704542527207	29.797424662102515	0.0623	0.0639	0.0814	0.0792	0.1098	0.1617	0.1791	0.2014	0.185	0.165	0.1553	0.1024	0.43549538	0.3258723	-0.12924023	0.011843983
13.5	21.5	77.93713766496685	29.797424662102515	0.0623	0.0686	0.0849	0.084	0.1098	0.1617	0.1791	0.1964	0.185	0.165	0.1553	0.1024	0.40085593	0.3145917	-0.11686095	0.018561719
14.5	21.5	77.93722990466163	29.797424662102515	0.0623	0.067	0.0801	0.0792	0.1028	0.1439	0.1578	0.1744	0.1597	0.165	0.1506	0.1016	0.3753943	0.26376814	-0.07323077	0.029868001
15.5	21.5	77.93732214435641	29.797424662102515	0.0623	0.0532	0.0689	0.0627	0.1028	0.1439	0.1578	0.134	0.1597	0.165	0.1506	0.1016	0.3624809	0.13752124	0.05832747	0.041732438
16.5	21.5	77.93741438405118	29.797424662102515	0.0623	0.0581	0.0656	0.052	0.0922	0.1238	0.1423	0.1103	0.1301	0.165	0.1134	0.0709	0.35921133	0.21743928	0.013857847	0.059338473
17.5	21.5	77.93750662374596	29.797424662102515	0.0623	0.06	0.0724	0.0572	0.0922	0.1238	0.1423	0.1277	0.1301	0.165	0.1134	0.0709	0.3812872	0.286002	-0.059311505	0.05091605
18.5	21.5	77.93759886344074	29.797424662102515	0.0619	0.0633	0.0767	0.0571	0.0955	0.1411	0.1578	0.1675	0.1498	0.1772	0.1049	0.0619	0.49154052	0.4603313	-0.2298091	0.030794106
9.5	22.5	77.93676870618775	29.797332422407738	0.064	0.0629	0.0792	0.0692	0.1027	0.1638	0.1787	0.1817	0.1928	0.1732	0.1318	0.0814	0.4483858	0.3812239	-0.15917069	0.022322726
10.5	22.5	77.93686094588253	29.797332422407738	0.064	0.0663	0.0832	0.0674	0.1027	0.1638	0.1787	0.191	0.1928	0.1732	0.1318	0.0814	0.47832817	0.4023495	-0.18339531	0.019774457
11.5	22.5	77.93695318557731	29.797332422407738	0.064	0.0663	0.0832	0.0674	0.1027	0.1638	0.1787	0.191	0.1928	0.1732	0.1318	0.0814	0.47832817	0.4023495	-0.18339531	0.019774457
12.5	22.5	77.93704542527207	29.797332422407738	0.0623	0.07	0.09	0.0872	0.1098	0.1617	0.1791	0.1976	0.185	0.165	0.1553	0.1024	0.38764045	0.31733337	-0.11986398	0.019020395
13.5	22.5	77.93713766496685	29.797332422407738	0.0623	0.0713	0.0881	0.092	0.1098	0.1617	0.1791	0.1945	0.185	0.165	0.1553	0.1024	0.35776615	0.31020546	-0.11206401	0.021863211
14.5	22.5	77.93722990466163	29.797332422407738	0.0623	0.0753	0.0909	0.0955	0.1028	0.1439	0.1578	0.1954	0.1597	0.165	0.1506	0.1016	0.343417	0.31582493	-0.12947977	0.024623862
8.5	23.5	77.93667646649297	29.79724018271296	0.0644	0.06	0.0768	0.0663	0.0979	0.1511	0.1644	0.172	0.1777	0.1838	0.13	0.0826	0.44355857	0.35113907	-0.13907288	0.025509996
9.5	23.5	77.93676870618775	29.79724018271296	0.0644	0.0625	0.0801	0.0674	0.0999	0.1526	0.1673	0.1848	0.1759	0.1838	0.1294	0.0813	0.46550357	0.38895154	-0.1763208	0.0202172
41.5	51.5	77.9397203764206	29.79465747125922	0.064	0.0623	0.0724	0.0807	0.094	0.1068	0.112	0.1194	0.1269	0.1433	0.1539	0.12	0.19340329	-0.0025062459	0.12623489	0.057560258
40.5	52.5	77.93962813672582	29.794565231564444	0.064	0.0629	0.0735	0.0782	0.094	0.1068	0.112	0.1194	0.1269	0.1433	0.1539	0.12	0.20850205	-0.0025062459	0.12623489	0.05805178
41.5	52.5	77.9397203764206	29.794565231564444	0.064	0.061	0.0721	0.0813	0.094	0.1068	0.112	0.115	0.1269	0.1433	0.1539	0.12	0.17167602	-0.021276575	0.14466342	0.059018698
39.5	53.5	77.93953589703105	29.794472991869668	0.0687	0.0605	0.0728	0.0818	0.095	0.12	0.1285	0.1256	0.1467	0.1482	0.1603	0.1236	0.2111861	0.008025669	0.121371135	0.05253
40.5	53.5	77.93962813672582	29.794472991869668	0.0687	0.0588	0.072	0.0824	0.0951	0.1052	0.1115	0.1196	0.1241	0.1482	0.1598	0.124	0.1841584	-0.018062398	0.14387973	0.05457836
41.5	53.5	77.9397203764206	29.794472991869668	0.0687	0.0623	0.073	0.084	0.0951	0.1052	0.1115	0.1261	0.1241	0.1482	0.1598	0.124	0.20038079	0.008396665	0.11787335	0.053717807
39.5	54.5	77.93953589703105	29.79438075217489	0.0687	0.0615	0.0715	0.0783	0.095	0.12	0.1285	0.1306	0.1467	0.1482	0.1603	0.1236	0.25035906	0.027537398	0.10209692	0.0504817
40.5	54.5	77.93962813672582	29.79438075217489	0.0687	0.0626	0.0722	0.0822	0.0951	0.1052	0.1115	0.1217	0.1241	0.1482	0.1598	0.124	0.19372241	-0.009361017	0.13534635	0.05648697
41.5	54.5	77.9397203764206	29.79438075217489	0.0687	0.064	0.0759	0.0858	0.0951	0.1052	0.1115	0.1279	0.1241	0.1482	0.1598	0.124	0.19700517	0.01548236	0.11087935	0.05407815
42.5	54.5	77.93981261611538	29.79438075217489	0.0687	0.0629	0.0771	0.088	0.1003	0.1079	0.1163	0.128	0.1264	0.1482	0.1677	0.1344	0.18518521	-0.024390202	0.13425764	0.053119674
38.5	55.5	77.93944365733627	29.794288512480115	0.0687	0.0649	0.0747	0.0805	0.0912	0.1076	0.1192	0.1454	0.1312	0.1482	0.1606	0.1244	0.28729528	0.077835456	0.049673215	0.04477918
39.5	55.5	77.93953589703105	29.794288512480115	0.0687	0.062	0.0708	0.078	0.0912	0.1076	0.1192	0.1158	0.1312	0.1482	0.1606	0.1244	0.19504644	-0.035803482	0.16208395	0.059379097
40.5	55.5	77.93962813672582	29.794288512480115	0.0687	0.0644	0.071	0.081	0.0967	0.1056	0.1067	0.12	0.1243	0.1482	0.1642	0.1309	0.19402984	-0.043443598	0.15552427	0.058936484
41.5	55.5	77.9397203764206	29.794288512480115	0.0687	0.0623	0.0731	0.0811	0.0967	0.1056	0.1067	0.1166	0.1243	0.1482	0.1642	0.1309	0.17956498	-0.057777762	0.16951565	0.05916606
37.5	56.5	77.93935141764149	29.79419627278534	0.0687	0.0624	0.0728	0.0814	0.0912	0.1076	0.1192	0.1217	0.1312	0.1482	0.1606	0.1244	0.19842441	-0.010971154	0.1377967	0.05632313
38.5	56.5	77.93944365733627	29.79419627278534	0.0687	0.0624	0.0728	0.0814	0.0912	0.1076	0.1192	0.1217	0.1312	0.1482	0.1606	0.1244	0.19842441	-0.010971154	0.1377967	0.05632313
68.5	71.5	77.94221084817956	29.792812677363692	0.0629	0.0625	0.0738	0.0849	0.088	0.0975	0.0975	0.1076	0.1168	0.1268	0.1532	0.1398	0.1179221	-0.13015357	0.1748466	0.0644914
68.5	72.5	77.94221084817956	29.792720437668915	0.0629	0.0593	0.0712	0.0803	0.088	0.0975	0.0975	0.1049	0.1168	0.1268	0.1532	0.1398	0.13282937	-0.1426236	0.18713675	0.06341841
69.5	72.5	77.94230308787434	29.792720437668915	0.0629	0.0593	0.0712	0.0803	0.088	0.0975	0.0975	0.1049	0.1168	0.1268	0.1532	0.1398	0.13282937	-0.1426236	0.18713675	0.06341841
68.5	73.5	77.94221084817956	29.79262819797414	0.0629	0.0595	0.068	0.0747	0.0859	0.0939	0.096	0.099	0.1037	0.1268	0.1468	0.1286	0.13989638	-0.13005273	0.19446704	0.0669659
69.5	73.5	77.94230308787434	29.79262819797414	0.0629	0.0615	0.07	0.0786	0.0859	0.0939	0.096	0.1068	0.1037	0.1268	0.1468	0.1286	0.15210357	-0.09260834	0.1577287	0.06413101
70.5	73.5	77.94239532756912	29.79262819797414	0.0629	0.0615	0.07	0.0786	0.0859	0.0939	0.096	0.1068	0.1037	0.1268	0.1468	0.1286	0.15210357	-0.09260834	0.1577287	0.06413101
67.5	74.5	77.94211860848479	29.792535958279363	0.0629	0.0584	0.0652	0.074	0.0872	0.0955	0.1012	0.1018	0.1103	0.1268	0.1459	0.1211	0.15813425	-0.08658591	0.17803793	0.06445898
68.5	74.5	77.94221084817956	29.792535958279363	0.0629	0.0594	0.0663	0.0705	0.0859	0.0939	0.096	0.1021	0.1037	0.1268	0.1468	0.1286	0.18308227	-0.1148678	0.17959018	0.06510613
69.5	74.5	77.94230308787434	29.792535958279363	0.0629	0.059	0.0693	0.0741	0.0859	0.0939	0.096	0.1046	0.1037	0.1268	0.1468	0.1286	0.17067708	-0.10291597	0.16785999	0.0633447
70.5	74.5	77.94239532756912	29.792535958279363	0.0629	0.059	0.0693	0.0741	0.0859	0.0939	0.096	0.1046	0.1037	0.1268	0.1468	0.1286	0.17067708	-0.10291597	0.16785999	0.0633447
71.5	74.5	77.9424875672639	29.792535958279363	0.0633	0.0633	0.0741	0.0819	0.0942	0.0982	0.1057	0.1112	0.1138	0.1362	0.1591	0.1384	0.15173484	-0.10897438	0.17721051	0.06308216
67.5	75.5	77.94211860848479	29.792443718584586	0.0629	0.0628	0.0681	0.0767	0.0886	0.0945	0.1029	0.1061	0.1136	0.1268	0.1532	0.1338	0.1608315	-0.11546478	0.18164289	0.06559741
68.5	75.5	77.94221084817956	29.792443718584586	0.0629	0.0605	0.068	0.0732	0.0885	0.0967	0.1009	0.1076	0.1125	0.1268	0.1513	0.1351	0.19026549	-0.11330862	0.16879101	0.062853
69.5	75.5	77.94230308787434	29.792443718584586	0.0629	0.0597	0.0703	0.0769	0.0885	0.0967	0.1009	0.1076	0.1125	0.1268	0.1513	0.1351	0.1663957	-0.11330862	0.16879101	0.06219764
70.5	75.5	77.94239532756912	29.792443718584586	0.0629	0.0597	0.0703	0.0769	0.0885	0.0967	0.1009	0.1076	0.1125	0.1268	0.1513	0.1351	0.1663957	-0.11330862	0.16879101	0.06219764
71.5	75.5	77.9424875672639	29.792443718584586	0.0633	0.0623	0.0744	0.0827	0.0939	0.0972	0.1054	0.111	0.1203	0.1362	0.1589	0.1396	0.14610223	-0.11412607	0.17747311	0.062377658
72.5	75.5	77.94257980695868	29.792443718584586	0.0633	0.0641	0.0727	0.0827	0.0939	0.0972	0.1054	0.1116	0.1203	0.1362	0.1589	0.1396	0.14873905	-0.11146496	0.17486136	0.06350812
67.5	76.5	77.94211860848479	29.79235147888981	0.0629	0.061	0.069	0.0788	0.0886	0.0945	0.1029	0.1064	0.1136	0.1268	0.1532	0.1338	0.14902806	-0.114071615	0.18027736	0.0639508
68.5	76.5	77.94221084817956	29.79235147888981	0.0629	0.0645	0.0724	0.0818	0.0885	0.0967	0.1009	0.11	0.1125	0.1268	0.1513	0.1351	0.14702816	-0.10240721	0.15805587	0.0647534
69.5	76.5	77.94230308787434	29.79235147888981	0.0629	0.0612	0.0726	0.0818	0.0885	0.0967	0.1009	0.1144	0.1125	0.1268	0.1513	0.1351	0.16615699	-0.08296596	0.13887843	0.05952664
70.5	76.5	77.94239532756912	29.79235147888981	0.0629	0.0612	0.0726	0.0818	0.0885	0.0967	0.1009	0.1144	0.1125	0.1268	0.1513	0.1351	0.16615699	-0.08296596	0.13887843	0.05952664
71.5	76.5	77.9424875672639	29.79235147888981	0.0633	0.0617	0.0742	0.082	0.0939	0.0972	0.1054	0.112	0.1203	0.1362	0.1589	0.1396	0.15463917	-0.10969789	0.17312658	0.06131264
72.5	76.5	77.94257980695868	29.79235147888981	0.0633	0.0636	0.0756	0.085	0.0939	0.0972	0.1054	0.1122	0.1203	0.1362	0.1589	0.1396	0.13793103	-0.108816504	0.17226113	0.06275442
67.5	77.5	77.94211860848479	29.792259239195033	0.0666	0.0619	0.0714	0.0822	0.0907	0.0946	0.1016	0.1076	0.1111	0.1345	0.1557	0.1365	0.13382511	-0.11839409	0.18268134	0.06399988
68.5	77.5	77.94221084817956	29.792259239195033	0.0666	0.0675	0.0753	0.0837	0.0916	0.0972	0.1037	0.1102	0.1106	0.1345	0.1593	0.142	0.13666838	-0.1260904	0.18218923	0.0670963
69.5	77.5	77.94230308787434	29.792259239195033	0.0666	0.0687	0.0742	0.0858	0.0916	0.0972	0.1037	0.115	0.1106	0.1345	0.1593	0.142	0.14541833	-0.10505837	0.16150199	0.06532654
70.5	77.5	77.94239532756912	29.792259239195033	0.0691	0.0657	0.0761	0.0813	0.0917	0.0964	0.1019	0.1126	0.1137	0.1467	0.1606	0.1411	0.16142341	-0.112337425	0.1756955	0.06424534
67.5	78.5	77.94211860848479	29.792166999500257	0.0666	0.0637	0.0733	0.0844	0.0907	0.0946	0.1016	0.1108	0.1111	0.1345	0.1557	0.1365	0.1352459	-0.103922375	0.1684803	0.06363924
68.5	78.5	77.94221084817956	29.792166999500257	0.0666	0.0631	0.0749	0.0799	0.0916	0.0972	0.1037	0.1086	0.1106	0.1345	0.1593	0.142	0.15225466	-0.13328016	0.18924972	0.06440942
69.5	78.5	77.94230308787434	29.792166999500257	0.0666	0.0667	0.0736	0.0822	0.0916	0.0972	0.1037	0.1079	0.1106	0.1345	0.1593	0.142	0.13519202	-0.1364546	0.19236526	0.06775998
67.5	79.5	77.94211860848479	29.79207475980548	0.0666	0.0637	0.0749	0.0812	0.0938	0.097	0.1045	0.1117	0.1185	0.1345	0.1612	0.1406	0.15811299	-0.114546165	0.18138513	0.06312309
66.5	80.5	77.94202636879001	29.791982520110704	0.0666	0.0662	0.0731	0.0844	0.0938	0.097	0.1045	0.1158	0.1185	0.1345	0.1612	0.1406	0.15684317	-0.096723855	0.16389892	0.06281974
61.5	92.5	77.94156517031612	29.790875643773386	0.0657	0.058	0.066	0.0752	0.0863	0.09	0.0959	0.0987	0.1057	0.1373	0.152	0.1321	0.13513514	-0.14471403	0.21260469	0.06590915
62.5	92.5	77.9416574100109	29.790875643773386	0.0657	0.058	0.0649	0.0735	0.0863	0.09	0.0959	0.1036	0.1057	0.1373	0.152	0.1321	0.16996048	-0.12091641	0.18935834	0.063099
60.5	93.5	77.94147293062134	29.79078340407861	0.0657	0.0586	0.0695	0.083	0.1017	0.1054	0.1115	0.1182	0.1289	0.1373	0.1725	0.1454	0.1749503	-0.10318667	0.18679051	0.055217423
61.5	93.5	77.94156517031612	29.79078340407861	0.0657	0.0565	0.0647	0.0764	0.0862	0.0939	0.1018	0.106	0.1138	0.1373	0.1607	0.1309	0.16228071	-0.10510763	0.20509934	0.0604938
62.5	93.5	77.9416574100109	29.79078340407861	0.0657	0.0531	0.0652	0.0731	0.0862	0.0939	0.1018	0.103	0.1138	0.1373	0.1607	0.1309	0.1697899	-0.119281724	0.21880923	0.05942902
63.5	93.5	77.94174964970568	29.79078340407861	0.0622	0.0568	0.0656	0.0742	0.0906	0.1005	0.107	0.1063	0.1171	0.1446	0.1628	0.1355	0.17783934	-0.12076097	0.20995913	0.060567513
64.5	93.5	77.94184188940045	29.79078340407861	0.0622	0.0637	0.0731	0.0877	0.0906	0.1005	0.107	0.1204	0.1171	0.1446	0.1628	0.1355	0.15713596	-0.059007436	0.14971752	0.05813364
1.5	94.5	77.93603078862954	29.790691164383833	0.0685	0.0739	0.0979	0.1158	0.1212	0.1308	0.1387	0.15	0.149	0.1717	0.204	0.1868	0.12866819	-0.10926364	0.15254234	0.049513876
2.5	94.5	77.93612302832432	29.790691164383833	0.0685	0.072	0.0894	0.0992	0.1212	0.1308	0.1387	0.1373	0.149	0.1717	0.204	0.1868	0.16109934	-0.15273064	0.19542924	0.055240847
3.5	94.5	77.9362152680191	29.790691164383833	0.0756	0.0744	0.0887	0.1014	0.1203	0.137	0.1413	0.1556	0.1617	0.1802	0.1979	0.1643	0.21089491	-0.027195994	0.11966054	0.04671188
4.5	94.5	77.93630750771386	29.790691164383833	0.0756	0.0778	0.0934	0.1042	0.1203	0.137	0.1413	0.1665	0.1617	0.1802	0.1979	0.1643	0.23014408	0.0066505666	0.086169034	0.04324601
5.5	94.5	77.93639974740864	29.790691164383833	0.0756	0.0794	0.0986	0.1136	0.1288	0.1404	0.152	0.1606	0.1708	0.1802	0.2105	0.17	0.17140774	-0.028433137	0.13446508	0.047940377
59.5	94.5	77.94138069092658	29.790691164383833	0.0657	0.0626	0.0739	0.0897	0.1017	0.1054	0.1115	0.1267	0.1289	0.1373	0.1725	0.1454	0.17097968	-0.068724744	0.15307488	0.05361947
60.5	94.5	77.94147293062134	29.790691164383833	0.0657	0.0607	0.0753	0.0904	0.1017	0.1054	0.1115	0.1306	0.1289	0.1373	0.1725	0.1454	0.18190046	-0.053623177	0.13823818	0.049826335
61.5	94.5	77.94156517031612	29.790691164383833	0.0657	0.0584	0.0668	0.0835	0.0862	0.0939	0.1018	0.1192	0.1138	0.1373	0.1607	0.1309	0.17612235	-0.046781275	0.14826722	0.054480083
62.5	94.5	77.9416574100109	29.790691164383833	0.0657	0.0528	0.0639	0.0735	0.0862	0.0939	0.1018	0.1056	0.1138	0.1373	0.1607	0.1309	0.17922948	-0.10697673	0.20690948	0.05769216
63.5	94.5	77.94174964970568	29.790691164383833	0.0622	0.0529	0.0678	0.0745	0.0906	0.1005	0.107	0.1097	0.1171	0.1446	0.1628	0.1355	0.19109663	-0.10522021	0.19486238	0.05542273
64.5	94.5	77.94184188940045	29.790691164383833	0.0622	0.0595	0.0729	0.0875	0.0906	0.1005	0.107	0.1233	0.1171	0.1446	0.1628	0.1355	0.16982923	-0.04714064	0.13806361	0.05302985
65.5	94.5	77.94193412909523	29.790691164383833	0.0622	0.0657	0.0765	0.0925	0.104	0.1101	0.1247	0.1296	0.1338	0.1446	0.1778	0.1473	0.16704188	-0.063921995	0.15679894	0.05449584
1.5	95.5	77.93603078862954	29.790598924689057	0.0685	0.0775	0.1016	0.115	0.1314	0.1477	0.1627	0.1652	0.1626	0.1717	0.2161	0.1938	0.17915772	-0.07966576	0.13349073	0.043745805
2.5	95.5	77.93612302832432	29.790598924689057	0.0685	0.0853	0.104	0.1268	0.1314	0.1477	0.1627	0.1761	0.1626	0.1717	0.2161	0.1938	0.16275999	-0.047850773	0.10198879	0.043884408
3.5	95.5	77.9362152680191	29.790598924689057	0.0756	0.085	0.1052	0.1184	0.1391	0.1627	0.1677	0.1848	0.1775	0.1802	0.2173	0.1943	0.21899736	-0.025059342	0.080825664	0.0386492
4.5	95.5	77.93630750771386	29.790598924689057	0.0756	0.0856	0.108	0.1256	0.1391	0.1627	0.1677	0.1847	0.1775	0.1802	0.2173	0.1943	0.19046086	-0.025329811	0.08109453	0.039198074
5.5	95.5	77.93639974740864	29.790598924689057	0.0756	0.0916	0.1108	0.1278	0.1449	0.1643	0.1694	0.1801	0.1825	0.1802	0.2295	0.2089	0.16986032	-0.07403602	0.120605476	0.046751373
6.5	95.5	77.93649198710342	29.790598924689057	0.0756	0.0877	0.1056	0.1202	0.1449	0.1643	0.1694	0.1744	0.1825	0.1802	0.2295	0.2089	0.18397827	-0.090007834	0.13641989	0.04682544
7.5	95.5	77.9365842267982	29.790598924689057	0.0756	0.088	0.1128	0.129	0.1547	0.1722	0.1811	0.1782	0.1902	0.1802	0.2352	0.2125	0.1601563	-0.08779114	0.13788098	0.044891898
8.5	95.5	77.93667646649297	29.790598924689057	0.0756	0.0913	0.1108	0.1284	0.1547	0.1722	0.1811	0.191	0.1902	0.1802	0.2352	0.2125	0.1959925	-0.05328378	0.10370719	0.040254463
9.5	95.5	77.93676870618775	29.790598924689057	0.0786	0.0966	0.1238	0.145	0.1491	0.1641	0.1719	0.1987	0.1787	0.1667	0.2167	0.1973	0.15624091	0.0035353382	0.043331746	0.040180277
58.5	95.5	77.9412884512318	29.790598924689057	0.0597	0.0618	0.0741	0.0872	0.0966	0.1003	0.1081	0.1274	0.1211	0.1339	0.1653	0.1447	0.18732524	-0.063579604	0.12948412	0.05256266
59.5	95.5	77.94138069092658	29.790598924689057	0.0597	0.0602	0.0778	0.0905	0.1108	0.1158	0.1258	0.1298	0.1391	0.1339	0.1866	0.1643	0.17839314	-0.117307	0.17951956	0.049875535
60.5	95.5	77.94147293062134	29.790598924689057	0.0597	0.0625	0.0785	0.0964	0.1108	0.1158	0.1258	0.1368	0.1391	0.1339	0.1866	0.1643	0.17324187	-0.09133174	0.15398885	0.047745198
61.5	95.5	77.94156517031612	29.790598924689057	0.0597	0.0651	0.0763	0.0916	0.1033	0.1103	0.1222	0.1316	0.1332	0.1339	0.1788	0.1452	0.1792115	-0.049132917	0.15206183	0.052857317
62.5	95.5	77.9416574100109	29.790598924689057	0.0597	0.0591	0.069	0.0778	0.1033	0.1103	0.1222	0.1158	0.1332	0.1339	0.1788	0.1452	0.196281	-0.112643674	0.21384929	0.05700342
63.5	95.5	77.94174964970568	29.790598924689057	0.0627	0.0576	0.07	0.0798	0.0981	0.1072	0.1195	0.1208	0.1307	0.1458	0.173	0.1421	0.20438685	-0.08101941	0.17767185	0.052907117
64.5	95.5	77.94184188940045	29.790598924689057	0.0627	0.0601	0.0731	0.0852	0.0981	0.1072	0.1195	0.126	0.1307	0.1458	0.173	0.1421	0.19318184	-0.060052235	0.1571906	0.05197292
65.5	95.5	77.94193412909523	29.790598924689057	0.0627	0.0641	0.0753	0.0923	0.1039	0.1174	0.1219	0.1318	0.136	0.1458	0.1803	0.1541	0.17626059	-0.077999316	0.15539892	0.05192342
66.5	95.5	77.94202636879001	29.790598924689057	0.0627	0.0641	0.0753	0.0923	0.1039	0.1174	0.1219	0.1318	0.136	0.1458	0.1803	0.1541	0.17626059	-0.077999316	0.15539892	0.05192342
1.5	96.5	77.93603078862954	29.79050668499428	0.0685	0.0754	0.093	0.105	0.1314	0.1477	0.1627	0.156	0.1626	0.1717	0.2161	0.1938	0.19540232	-0.108061746	0.16151573	0.04730168
2.5	96.5	77.93612302832432	29.79050668499428	0.0685	0.0807	0.1006	0.1148	0.1314	0.1477	0.1627	0.1714	0.1626	0.1717	0.2161	0.1938	0.1977638	-0.06133627	0.115354866	0.042811546
3.5	96.5	77.9362152680191	29.79050668499428	0.0756	0.0907	0.1148	0.1322	0.1391	0.1627	0.1677	0.1884	0.1775	0.1802	0.2173	0.1943	0.1752963	-0.015416764	0.0712349	0.04125404
4.5	96.5	77.93630750771386	29.79050668499428	0.0756	0.0912	0.1116	0.1334	0.1391	0.1627	0.1677	0.1957	0.1775	0.1802	0.2173	0.1943	0.1893042	0.003589766	0.052300226	0.037477087
5.5	96.5	77.93639974740864	29.79050668499428	0.0756	0.0849	0.1094	0.1308	0.1449	0.1643	0.1694	0.1873	0.1825	0.1802	0.2295	0.2089	0.17761712	-0.05451794	0.1012476	0.03713353
6.5	96.5	77.93649198710342	29.79050668499428	0.0756	0.094	0.1154	0.142	0.1449	0.1643	0.1694	0.1983	0.1825	0.1802	0.2295	0.2089	0.16544226	-0.026031435	0.07293126	0.038279746
7.5	96.5	77.9365842267982	29.79050668499428	0.0756	0.0916	0.1184	0.1414	0.1547	0.1722	0.1811	0.1933	0.1902	0.1802	0.2352	0.2125	0.15506424	-0.047313977	0.097782984	0.039181173
8.5	96.5	77.93667646649297	29.79050668499428	0.0756	0.0896	0.1146	0.1368	0.1547	0.1722	0.1811	0.1929	0.1902	0.1802	0.2352	0.2125	0.17015468	-0.04834732	0.09880869	0.037772167
9.5	96.5	77.93676870618775	29.79050668499428	0.0786	0.0887	0.1186	0.1346	0.1491	0.1641	0.1719	0.1892	0.1787	0.1667	0.2167	0.1973	0.16862261	-0.020957317	0.067750685	0.03915684
57.5	96.5	77.94119621153702	29.79050668499428	0.0597	0.0637	0.0718	0.0812	0.0923	0.0963	0.0996	0.1065	0.114	0.1339	0.1596	0.1426	0.13478954	-0.14492172	0.19954905	0.06610529
58.5	96.5	77.9412884512318	29.79050668499428	0.0597	0.0631	0.0723	0.0885	0.0966	0.1003	0.1081	0.1262	0.1211	0.1339	0.1653	0.1447	0.17559387	-0.06829088	0.13413376	0.05431582
59.5	96.5	77.94138069092658	29.79050668499428	0.0597	0.0629	0.0814	0.0938	0.1108	0.1158	0.1258	0.1368	0.1391	0.1339	0.1866	0.1643	0.18647009	-0.09133174	0.15398885	0.048072875
60.5	96.5	77.94147293062134	29.79050668499428	0.0597	0.0654	0.0807	0.0949	0.1108	0.1158	0.1258	0.1385	0.1391	0.1339	0.1866	0.1643	0.1868038	-0.08520472	0.14795446	0.049145926
61.5	96.5	77.94156517031612	29.79050668499428	0.0597	0.0655	0.0819	0.0966	0.1033	0.1103	0.1222	0.1378	0.1332	0.1339	0.1788	0.1452	0.17576788	-0.026148433	0.12950097	0.049629305
62.5	96.5	77.9416574100109	29.79050668499428	0.0597	0.0633	0.0775	0.0876	0.1033	0.1103	0.1222	0.1299	0.1332	0.1339	0.1788	0.1452	0.19448273	-0.055616163	0.15840624	0.05235771
63.5	96.5	77.94174964970568	29.79050668499428	0.0627	0.0628	0.0732	0.0885	0.0981	0.1072	0.1195	0.1324	0.1307	0.1458	0.173	0.1421	0.19873248	-0.035336975	0.13294037	0.050514355
64.5	96.5	77.94184188940045	29.79050668499428	0.0627	0.0637	0.0769	0.0941	0.0981	0.1072	0.1195	0.13	0.1307	0.1458	0.173	0.1421	0.16019633	-0.044468984	0.14191419	0.05262804
1.5	97.5	77.93603078862954	29.790414445299504	0.0685	0.0753	0.0948	0.111	0.1354	0.1465	0.1545	0.1656	0.1719	0.1717	0.2159	0.1799	0.19739696	-0.0413893	0.13184798	0.041714158
2.5	97.5	77.93612302832432	29.790414445299504	0.0685	0.0762	0.093	0.1072	0.1354	0.1465	0.1545	0.1617	0.1719	0.1717	0.2159	0.1799	0.20267758	-0.05327872	0.14353816	0.044688094
3.5	97.5	77.9362152680191	29.790414445299504	0.0756	0.0813	0.1068	0.1182	0.1384	0.1485	0.158	0.1755	0.1738	0.1802	0.2212	0.1894	0.19509706	-0.038092617	0.1152004	0.040951706
4.5	97.5	77.93630750771386	29.790414445299504	0.0756	0.0829	0.1038	0.1202	0.1384	0.1485	0.158	0.1807	0.1738	0.1802	0.2212	0.1894	0.20106348	-0.023507155	0.10077134	0.03928023
5.5	97.5	77.93639974740864	29.790414445299504	0.0756	0.0862	0.105	0.1238	0.1485	0.1568	0.1716	0.1778	0.1846	0.1802	0.2321	0.2032	0.17904508	-0.06666666	0.13247132	0.043646738
6.5	97.5	77.93649198710342	29.790414445299504	0.0756	0.0996	0.123	0.1528	0.1485	0.1568	0.1716	0.205	0.1846	0.1802	0.2321	0.2032	0.14589158	0.0044096047	0.061999537	0.039024822
7.5	97.5	77.9365842267982	29.790414445299504	0.0756	0.0949	0.1242	0.1466	0.1536	0.1619	0.1724	0.2024	0.184	0.1802	0.2263	0.2019	0.1598854	0.0012366895	0.055749945	0.036665678
8.5	97.5	77.93667646649297	29.790414445299504	0.0756	0.0896	0.1108	0.1246	0.1536	0.1619	0.1724	0.1848	0.184	0.1802	0.2263	0.2019	0.19457012	-0.044220343	0.10094868	0.04241752
9.5	97.5	77.93676870618775	29.790414445299504	0.0786	0.0836	0.1036	0.1156	0.1261	0.1436	0.1461	0.1655	0.162	0.1667	0.188	0.1639	0.17751691	0.004857308	0.06364921	0.04857087
56.5	97.5	77.94110397184224	29.790414445299504	0.0597	0.0628	0.0758	0.0807	0.0923	0.0963	0.0996	0.1015	0.114	0.1339	0.1596	0.1426	0.11416023	-0.16837363	0.22252013	0.06823551
57.5	97.5	77.94119621153702	29.790414445299504	0.0597	0.0628	0.0758	0.0807	0.0923	0.0963	0.0996	0.1015	0.114	0.1339	0.1596	0.1426	0.11416023	-0.16837363	0.22252013	0.06823551
58.5	97.5	77.9412884512318	29.790414445299504	0.0597	0.0612	0.0713	0.0875	0.0923	0.0963	0.0996	0.1125	0.114	0.1339	0.1596	0.1426	0.12499999	-0.11799296	0.17309815	0.060616292
59.5	97.5	77.94138069092658	29.790414445299504	0.0597	0.0664	0.0819	0.0998	0.1074	0.1134	0.1208	0.1386	0.1369	0.1339	0.1862	0.1616	0.1627517	-0.07661555	0.14655168	0.049907774
60.5	97.5	77.94147293062134	29.790414445299504	0.0597	0.0677	0.0828	0.0971	0.1074	0.1134	0.1208	0.1393	0.1369	0.1339	0.1862	0.1616	0.17851102	-0.07411097	0.14408599	0.050571285
61.5	97.5	77.94156517031612	29.790414445299504	0.0597	0.0702	0.0827	0.102	0.1096	0.1189	0.1255	0.1396	0.1415	0.1339	0.186	0.1565	0.15562913	-0.057075325	0.14250618	0.05244725
2.5	98.5	77.93612302832432	29.790322205604728	0.0685	0.0813	0.0948	0.119	0.1354	0.1465	0.1545	0.1717	0.1719	0.1717	0.2159	0.1799	0.18128654	-0.02332197	0.11403509	0.04313101
3.5	98.5	77.9362152680191	29.790322205604728	0.0756	0.0777	0.0989	0.1078	0.1384	0.1485	0.158	0.1676	0.1738	0.1802	0.2212	0.1894	0.21713872	-0.061064415	0.13786007	0.042533234
4.5	98.5	77.93630750771386	29.790322205604728	0.0756	0.0736	0.0956	0.1106	0.1384	0.1485	0.158	0.1681	0.1738	0.1802	0.2212	0.1894	0.20631503	-0.059580427	0.13639867	0.038887773
5.5	98.5	77.93639974740864	29.790322205604728	0.0756	0.0797	0.0992	0.1108	0.1485	0.1568	0.1716	0.1687	0.1846	0.1802	0.2321	0.2032	0.20715563	-0.09276688	0.15818363	0.043540794
6.5	98.5	77.93649198710342	29.790322205604728	0.0756	0.0862	0.1078	0.1244	0.1485	0.1568	0.1716	0.1756	0.1846	0.1802	0.2321	0.2032	0.1706667	-0.07286164	0.13858226	0.044908434
7.5	98.5	77.9365842267982	29.790322205604728	0.0756	0.0908	0.1144	0.1336	0.1536	0.1619	0.1724	0.1842	0.184	0.1802	0.2263	0.2019	0.15921965	-0.04584305	0.102557845	0.04374466
8.5	98.5	77.93667646649297	29.790322205604728	0.0756	0.0884	0.1042	0.1212	0.1536	0.1619	0.1724	0.1626	0.184	0.1802	0.2263	0.2019	0.14587736	-0.10781895	0.16379534	0.054166183
9.5	98.5	77.93676870618775	29.790322205604728	0.0786	0.0894	0.1042	0.113	0.1261	0.1436	0.1461	0.1582	0.162	0.1667	0.188	0.1639	0.16666666	-0.01769639	0.08607741	0.05750878
56.5	98.5	77.94110397184224	29.790322205604728	0.0597	0.0639	0.0727	0.0817	0.0922	0.0989	0.1027	0.0993	0.1103	0.1339	0.1542	0.1427	0.09723757	-0.17933886	0.21656807	0.07039833
57.5	98.5	77.94119621153702	29.790322205604728	0.0597	0.0639	0.0727	0.0817	0.0922	0.0989	0.1027	0.0993	0.1103	0.1339	0.1542	0.1427	0.09723757	-0.17933886	0.21656807	0.07039833
58.5	98.5	77.9412884512318	29.790322205604728	0.0597	0.0612	0.0706	0.08	0.0922	0.0989	0.1027	0.1028	0.1103	0.1339	0.1542	0.1427	0.124726474	-0.16252548	0.20000002	0.066179246
59.5	98.5	77.94138069092658	29.790322205604728	0.0597	0.0636	0.0709	0.0781	0.0961	0.1037	0.109	0.1096	0.1203	0.1339	0.1654	0.1391	0.16782098	-0.118616804	0.20290908	0.06424552
2.5	99.5	77.93612302832432	29.79022996590995	0.0665	0.0791	0.0966	0.1158	0.1222	0.149	0.161	0.1868	0.1738	0.1695	0.1869	0.1483	0.23463318	0.11489106	2.6759887E-4	0.03266892
3.5	99.5	77.9362152680191	29.79022996590995	0.0734	0.0767	0.0979	0.1148	0.1275	0.141	0.1526	0.1757	0.1679	0.1813	0.2107	0.1774	0.20963854	-0.004814497	0.09057974	0.037068695
4.5	99.5	77.93630750771386	29.79022996590995	0.0734	0.0744	0.0926	0.107	0.1275	0.141	0.1526	0.1653	0.1679	0.1813	0.2107	0.1774	0.21410207	-0.03530784	0.120744705	0.04114893
5.5	99.5	77.93639974740864	29.79022996590995	0.0734	0.0744	0.0938	0.1015	0.1334	0.1447	0.1576	0.1597	0.1683	0.1813	0.2157	0.179	0.2228178	-0.056982577	0.1491742	0.044360526
6.5	99.5	77.93649198710342	29.79022996590995	0.0734	0.0775	0.0944	0.1116	0.1334	0.1447	0.1576	0.1639	0.1683	0.1813	0.2157	0.179	0.18983668	-0.04403617	0.13645943	0.04449135
7.5	99.5	77.9365842267982	29.79022996590995	0.0734	0.0884	0.1112	0.1228	0.1382	0.1514	0.1621	0.1791	0.1742	0.1813	0.2154	0.1881	0.1864856	-0.024509773	0.09201518	0.044703424
8.5	99.5	77.93667646649297	29.79022996590995	0.0734	0.0858	0.1028	0.118	0.1382	0.1514	0.1621	0.164	0.1742	0.1813	0.2154	0.1881	0.16312058	-0.068446435	0.13547705	0.05123336
9.5	99.5	77.93676870618775	29.79022996590995	0.0759	0.0825	0.093	0.1036	0.1144	0.1347	0.1378	0.1528	0.1518	0.1708	0.1774	0.1471	0.19188765	0.01900631	0.0745003	0.054953206
55.5	99.5	77.94101173214747	29.79022996590995	0.0664	0.0702	0.0827	0.0891	0.0953	0.0977	0.0997	0.1158	0.1058	0.1275	0.1513	0.1446	0.13030745	-0.110599086	0.13290901	0.066096544
56.5	99.5	77.94110397184224	29.79022996590995	0.0597	0.0667	0.077	0.0889	0.0922	0.0989	0.1027	0.1126	0.1103	0.1339	0.1542	0.1427	0.11761786	-0.11790052	0.15592206	0.065064535
2.5	100.5	77.93612302832432	29.790137726215175	0.0665	0.0724	0.0937	0.1024	0.1222	0.149	0.161	0.1844	0.1738	0.1695	0.1869	0.1483	0.28591356	0.10850616	0.0067330934	0.028556678
3.5	100.5	77.9362152680191	29.790137726215175	0.0734	0.0766	0.0979	0.118	0.1275	0.141	0.1526	0.1757	0.1679	0.1813	0.2107	0.1774	0.19645895	-0.004814497	0.09057974	0.036986772
4.5	100.5	77.93630750771386	29.790137726215175	0.0734	0.0739	0.0902	0.1013	0.1275	0.141	0.1526	0.1509	0.1679	0.1813	0.2107	0.1774	0.19666933	-0.080718815	0.1653761	0.048997726
5.5	100.5	77.93639974740864	29.790137726215175	0.0734	0.0797	0.0886	0.1104	0.1334	0.1447	0.1576	0.164	0.1683	0.1813	0.2157	0.179	0.1953353	-0.04373178	0.13616012	0.04623624
6.5	100.5	77.93649198710342	29.790137726215175	0.0734	0.0805	0.0968	0.1148	0.1334	0.1447	0.1576	0.1709	0.1683	0.1813	0.2157	0.179	0.19635983	-0.02314948	0.11588205	0.042934448
7.5	100.5	77.9365842267982	29.790137726215175	0.0734	0.0862	0.1102	0.1294	0.1382	0.1514	0.1621	0.1779	0.1742	0.1813	0.2154	0.1881	0.15782623	-0.027868835	0.09534705	0.043589387
8.5	100.5	77.93667646649297	29.790137726215175	0.0734	0.0858	0.1002	0.1244	0.1382	0.1514	0.1621	0.1756	0.1742	0.1813	0.2154	0.1881	0.1706667	-0.03436895	0.10179025	0.044580754
9.5	100.5	77.93676870618775	29.790137726215175	0.0759	0.0819	0.0957	0.1013	0.1144	0.1347	0.1378	0.1506	0.1518	0.1708	0.1774	0.1471	0.19571258	0.011756801	0.08170729	0.05572338
2.5	101.5	77.93612302832432	29.7900454865204	0.0665	0.0714	0.0895	0.0904	0.109	0.1399	0.1524	0.1678	0.161	0.1695	0.1606	0.1135	0.29976758	0.19303234	-0.021924445	0.037257586
3.5	101.5	77.9362152680191	29.7900454865204	0.0734	0.0753	0.0895	0.108	0.129	0.1465	0.1498	0.1598	0.1698	0.1813	0.2136	0.1869	0.19342789	-0.0781656	0.14408143	0.045040466
4.5	101.5	77.93630750771386	29.7900454865204	0.0734	0.0821	0.1052	0.1202	0.129	0.1465	0.1498	0.1708	0.1698	0.1813	0.2136	0.1869	0.17388315	-0.045009796	0.11134234	0.044302516
5.5	101.5	77.93639974740864	29.7900454865204	0.0734	0.0896	0.112	0.1482	0.1605	0.1748	0.1893	0.2067	0.2028	0.1813	0.2528	0.2294	0.16483514	-0.052052274	0.10032643	0.029857868
6.5	101.5	77.93649198710342	29.7900454865204	0.0734	0.0852	0.1066	0.1224	0.1605	0.1748	0.1893	0.1784	0.2028	0.1813	0.2528	0.2294	0.18617019	-0.1250613	0.17254174	0.04248344
7.5	101.5	77.9365842267982	29.7900454865204	0.0734	0.0912	0.1108	0.136	0.1513	0.1601	0.1692	0.1842	0.1837	0.1813	0.2279	0.2005	0.1505309	-0.04237066	0.10604221	0.044072337
8.5	101.5	77.93667646649297	29.7900454865204	0.0734	0.0933	0.1128	0.1332	0.1513	0.1601	0.1692	0.1816	0.1837	0.1813	0.2279	0.2005	0.15374841	-0.04946347	0.1130647	0.047283757
9.5	101.5	77.93676870618775	29.7900454865204	0.0759	0.0833	0.0995	0.1084	0.1166	0.1319	0.1406	0.1572	0.1529	0.1708	0.1875	0.1571	0.18373491	3.1812533E-4	0.087902546	0.053085167
2.5	102.5	77.93612302832432	29.789953246825622	0.0734	0.0696	0.0808	0.0995	0.129	0.1465	0.1498	0.1434	0.1698	0.1813	0.2136	0.1869	0.1807328	-0.13169847	0.19663864	0.04977642
3.5	102.5	77.9362152680191	29.789953246825622	0.0734	0.0696	0.0808	0.0995	0.129	0.1465	0.1498	0.1434	0.1698	0.1813	0.2136	0.1869	0.1807328	-0.13169847	0.19663864	0.04977642
4.5	102.5	77.93630750771386	29.789953246825622	0.0734	0.0849	0.1102	0.1324	0.129	0.1465	0.1498	0.1838	0.1698	0.1813	0.2136	0.1869	0.1625553	-0.008362578	0.07498741	0.03914078
5.5	102.5	77.93639974740864	29.789953246825622	0.0734	0.0965	0.1294	0.1682	0.1605	0.1748	0.1893	0.2274	0.2028	0.1813	0.2528	0.2294	0.14964612	-0.00437826	0.052894592	0.023638899
