Pixel-X	Pixel-Y	Longitude	Latitude	B1	B2	B3	B4	B5	B6	B7	B8	B8A	B9	B11	B12	NDBI	NDVI
21.5	2.5	77.93787558252507	29.799177216303267	0.0431	0.0509	0.0773	0.0692	0.1118	0.2187	0.261	0.2421	0.2728	0.2722	0.1958	0.127	-0.10573189	0.55541277
19.5	3.5	77.93769110313552	29.79908497660849	0.0427	0.0482	0.0708	0.0647	0.1054	0.2166	0.2407	0.2351	0.2664	0.2722	0.1796	0.1057	-0.13383168	0.5683789
20.5	3.5	77.93778334283029	29.79908497660849	0.0427	0.0465	0.0766	0.0626	0.1054	0.2166	0.2407	0.2496	0.2664	0.2722	0.1796	0.1057	-0.16309412	0.598975
21.5	3.5	77.93787558252507	29.79908497660849	0.0431	0.0474	0.078	0.0626	0.1118	0.2187	0.261	0.2699	0.2728	0.2722	0.1958	0.127	-0.15911528	0.6234586
22.5	3.5	77.93796782221985	29.79908497660849	0.0431	0.0504	0.0783	0.0714	0.1118	0.2187	0.261	0.2732	0.2728	0.2722	0.1958	0.127	-0.16503197	0.5856065
16.5	4.5	77.93741438405118	29.798992736913714	0.0448	0.0506	0.0777	0.0692	0.1103	0.2176	0.251	0.249	0.2738	0.2716	0.1794	0.1102	-0.16246499	0.5650534
17.5	4.5	77.93750662374596	29.798992736913714	0.0429	0.052	0.0777	0.0698	0.1131	0.2103	0.2425	0.2565	0.257	0.2716	0.1754	0.1063	-0.18777494	0.5721729
18.5	4.5	77.93759886344074	29.798992736913714	0.0429	0.0495	0.0746	0.0654	0.1131	0.2103	0.2425	0.2585	0.257	0.2716	0.1754	0.1063	-0.19151878	0.5961717
19.5	4.5	77.93769110313552	29.798992736913714	0.0415	0.0457	0.0776	0.0643	0.1114	0.2341	0.263	0.2519	0.2822	0.2722	0.1783	0.105	-0.17108321	0.59329534
20.5	4.5	77.93778334283029	29.798992736913714	0.0415	0.0501	0.0751	0.0604	0.1114	0.2341	0.263	0.2854	0.2822	0.2722	0.1783	0.105	-0.23096833	0.6506651
21.5	4.5	77.93787558252507	29.798992736913714	0.043	0.0473	0.0732	0.0578	0.1138	0.2334	0.2836	0.2908	0.2928	0.2722	0.1962	0.1233	-0.19425052	0.66838783
22.5	4.5	77.93796782221985	29.798992736913714	0.043	0.0466	0.0758	0.061	0.1138	0.2334	0.2836	0.299	0.2928	0.2722	0.1962	0.1233	-0.20759289	0.6611111
14.5	5.5	77.93722990466163	29.798900497218938	0.0448	0.0462	0.0745	0.0623	0.1103	0.2176	0.251	0.2532	0.2738	0.2716	0.1794	0.1102	-0.17059639	0.6050713
15.5	5.5	77.93732214435641	29.798900497218938	0.0448	0.0506	0.0734	0.0607	0.1103	0.2176	0.251	0.2507	0.2738	0.2716	0.1794	0.1102	-0.1657754	0.6101477
16.5	5.5	77.93741438405118	29.798900497218938	0.0448	0.0506	0.0734	0.0607	0.1103	0.2176	0.251	0.2507	0.2738	0.2716	0.1794	0.1102	-0.1657754	0.6101477
17.5	5.5	77.93750662374596	29.798900497218938	0.0429	0.0435	0.0704	0.0608	0.1131	0.2103	0.2425	0.2355	0.257	0.2716	0.1754	0.1063	-0.14626427	0.5896051
18.5	5.5	77.93759886344074	29.798900497218938	0.0429	0.0435	0.07	0.0573	0.1131	0.2103	0.2425	0.2292	0.257	0.2716	0.1754	0.1063	-0.13297084	0.6
19.5	5.5	77.93769110313552	29.798900497218938	0.0415	0.0412	0.0784	0.0608	0.1114	0.2341	0.263	0.2698	0.2822	0.2722	0.1783	0.105	-0.20419553	0.6321839
20.5	5.5	77.93778334283029	29.798900497218938	0.0415	0.0399	0.0784	0.0586	0.1114	0.2341	0.263	0.289	0.2822	0.2722	0.1783	0.105	-0.23689282	0.6628308
21.5	5.5	77.93787558252507	29.798900497218938	0.043	0.0487	0.0786	0.0691	0.1138	0.2334	0.2836	0.2724	0.2928	0.2722	0.1962	0.1233	-0.16261202	0.5953148
22.5	5.5	77.93796782221985	29.798900497218938	0.043	0.0535	0.0813	0.0691	0.1138	0.2334	0.2836	0.2562	0.2928	0.2722	0.1962	0.1233	-0.13262597	0.5751614
23.5	5.5	77.93806006191463	29.798900497218938	0.0484	0.0511	0.0788	0.0658	0.1091	0.2312	0.2708	0.258	0.2773	0.2722	0.1898	0.1152	-0.15230012	0.59357625
14.5	6.5	77.93722990466163	29.79880825752416	0.0431	0.0487	0.0759	0.0614	0.1031	0.2184	0.258	0.251	0.2823	0.2822	0.1632	0.0941	-0.21197484	0.6069142
15.5	6.5	77.93732214435641	29.79880825752416	0.0431	0.0498	0.074	0.0586	0.1031	0.2184	0.258	0.2602	0.2823	0.2822	0.1632	0.0941	-0.22909775	0.63237137
16.5	6.5	77.93741438405118	29.79880825752416	0.0431	0.0498	0.074	0.0586	0.1031	0.2184	0.258	0.2602	0.2823	0.2822	0.1632	0.0941	-0.22909775	0.63237137
17.5	6.5	77.93750662374596	29.79880825752416	0.042	0.0396	0.0664	0.0545	0.1057	0.2057	0.2415	0.2284	0.2455	0.2822	0.1546	0.09	-0.19268933	0.61470485
18.5	6.5	77.93759886344074	29.79880825752416	0.042	0.0392	0.0619	0.0492	0.1057	0.2057	0.2415	0.1996	0.2455	0.2822	0.1546	0.09	-0.12704687	0.6045016
19.5	6.5	77.93769110313552	29.79880825752416	0.042	0.0419	0.0716	0.0554	0.1145	0.2257	0.2479	0.2408	0.2625	0.27	0.1615	0.0987	-0.19711654	0.6259284
20.5	6.5	77.93778334283029	29.79880825752416	0.042	0.0501	0.0816	0.0622	0.1145	0.2257	0.2479	0.2642	0.2625	0.27	0.1615	0.0987	-0.2412497	0.6188726
21.5	6.5	77.93787558252507	29.79880825752416	0.0443	0.0553	0.0806	0.0714	0.1221	0.2165	0.2546	0.2548	0.2718	0.27	0.1771	0.1091	-0.17990273	0.5622317
22.5	6.5	77.93796782221985	29.79880825752416	0.0443	0.0544	0.0796	0.0672	0.1221	0.2165	0.2546	0.2472	0.2718	0.27	0.1771	0.1091	-0.16521329	0.57251906
23.5	6.5	77.93806006191463	29.79880825752416	0.0505	0.053	0.0796	0.0691	0.1181	0.2148	0.2417	0.2559	0.2596	0.27	0.1862	0.118	-0.15765665	0.5747692
15.5	7.5	77.93732214435641	29.798716017829385	0.0431	0.0498	0.0762	0.0648	0.1031	0.2184	0.258	0.277	0.2823	0.2822	0.1632	0.0941	-0.25851884	0.6208309
16.5	7.5	77.93741438405118	29.798716017829385	0.042	0.0443	0.072	0.0607	0.1057	0.2057	0.2415	0.2564	0.2455	0.2822	0.1546	0.09	-0.24768856	0.61715543
17.5	7.5	77.93750662374596	29.798716017829385	0.042	0.0443	0.072	0.0607	0.1057	0.2057	0.2415	0.2564	0.2455	0.2822	0.1546	0.09	-0.24768856	0.61715543
18.5	7.5	77.93759886344074	29.798716017829385	0.042	0.0411	0.0652	0.0526	0.1057	0.2057	0.2415	0.2191	0.2455	0.2822	0.1546	0.09	-0.17259836	0.6128082
19.5	7.5	77.93769110313552	29.798716017829385	0.042	0.0421	0.0719	0.058	0.1145	0.2257	0.2479	0.2388	0.2625	0.27	0.1615	0.0987	-0.19310516	0.6091644
20.5	7.5	77.93778334283029	29.798716017829385	0.042	0.0488	0.0792	0.0672	0.1145	0.2257	0.2479	0.2518	0.2625	0.27	0.1615	0.0987	-0.21848534	0.5786834
21.5	7.5	77.93787558252507	29.798716017829385	0.0443	0.0538	0.0822	0.065	0.1221	0.2165	0.2546	0.2472	0.2718	0.27	0.1771	0.1091	-0.16521329	0.5836003
22.5	7.5	77.93796782221985	29.798716017829385	0.0443	0.0515	0.0816	0.0692	0.1221	0.2165	0.2546	0.2457	0.2718	0.27	0.1771	0.1091	-0.16225165	0.5604954
15.5	8.5	77.93732214435641	29.79862377813461	0.0416	0.044	0.0813	0.0636	0.1198	0.2354	0.272	0.2781	0.2974	0.2822	0.1704	0.1011	-0.24013382	0.62774366
16.5	8.5	77.93741438405118	29.79862377813461	0.0417	0.0454	0.081	0.0614	0.1281	0.23	0.2612	0.2658	0.2767	0.2822	0.1622	0.097	-0.24205606	0.62469435
17.5	8.5	77.93750662374596	29.79862377813461	0.0417	0.0454	0.081	0.0614	0.1281	0.23	0.2612	0.2658	0.2767	0.2822	0.1622	0.097	-0.24205606	0.62469435
18.5	8.5	77.93759886344074	29.79862377813461	0.0417	0.0462	0.077	0.0607	0.1281	0.23	0.2612	0.259	0.2767	0.2822	0.1622	0.097	-0.22981955	0.620269
19.5	8.5	77.93769110313552	29.79862377813461	0.0429	0.047	0.0818	0.0648	0.1248	0.221	0.2453	0.2564	0.2727	0.27	0.1601	0.0977	-0.23121247	0.59651303
20.5	8.5	77.93778334283029	29.79862377813461	0.0429	0.0475	0.0818	0.0693	0.1248	0.221	0.2453	0.2512	0.2727	0.27	0.1601	0.0977	-0.22149281	0.56755066
21.5	8.5	77.93787558252507	29.79862377813461	0.046	0.0475	0.086	0.0688	0.1322	0.228	0.2558	0.2416	0.2671	0.27	0.1691	0.1034	-0.17652789	0.556701
16.5	9.5	77.93741438405118	29.798531538439832	0.0417	0.0486	0.0792	0.0637	0.1281	0.23	0.2612	0.2724	0.2767	0.2822	0.1622	0.097	-0.25356647	0.62094617
17.5	9.5	77.93750662374596	29.798531538439832	0.0417	0.0486	0.0792	0.0637	0.1281	0.23	0.2612	0.2724	0.2767	0.2822	0.1622	0.097	-0.25356647	0.62094617
18.5	9.5	77.93759886344074	29.798531538439832	0.0417	0.0458	0.0832	0.067	0.1281	0.23	0.2612	0.2691	0.2767	0.2822	0.1622	0.097	-0.24785534	0.6013091
19.5	9.5	77.93769110313552	29.798531538439832	0.0429	0.0484	0.083	0.0664	0.1248	0.221	0.2453	0.2544	0.2727	0.27	0.1601	0.0977	-0.22750305	0.58603495
55.5	9.5	77.94101173214747	29.798531538439832	0.0423	0.037	0.0636	0.0549	0.1014	0.2342	0.2632	0.2588	0.2879	0.2924	0.1841	0.105	-0.16866109	0.64998406
56.5	9.5	77.94110397184224	29.798531538439832	0.0423	0.0414	0.0624	0.0549	0.1014	0.2342	0.2632	0.2696	0.2879	0.2924	0.1841	0.105	-0.18845052	0.66163325
16.5	10.5	77.93741438405118	29.798439298745055	0.042	0.0532	0.0836	0.0634	0.1313	0.2498	0.2817	0.277	0.2923	0.2822	0.1691	0.0992	-0.24187404	0.6274971
17.5	10.5	77.93750662374596	29.798439298745055	0.042	0.0532	0.0836	0.0634	0.1313	0.2498	0.2817	0.277	0.2923	0.2822	0.1691	0.0992	-0.24187404	0.6274971
18.5	10.5	77.93759886344074	29.798439298745055	0.042	0.0463	0.0824	0.0664	0.1313	0.2498	0.2817	0.2654	0.2923	0.2822	0.1691	0.0992	-0.22163405	0.59975886
51.5	10.5	77.94064277336837	29.798439298745055	0.0441	0.0411	0.065	0.0527	0.1016	0.2296	0.2775	0.2525	0.2966	0.2791	0.178	0.1028	-0.17305458	0.65465266
52.5	10.5	77.94073501306313	29.798439298745055	0.0406	0.0419	0.0655	0.0547	0.0955	0.2384	0.2788	0.2802	0.2993	0.2924	0.1735	0.0965	-0.23517743	0.6733353
53.5	10.5	77.94082725275791	29.798439298745055	0.0406	0.0451	0.0622	0.0538	0.0955	0.2384	0.2788	0.2792	0.2993	0.2924	0.1735	0.0965	-0.23348793	0.67687684
54.5	10.5	77.9409194924527	29.798439298745055	0.0406	0.0451	0.0622	0.0538	0.0955	0.2384	0.2788	0.2792	0.2993	0.2924	0.1735	0.0965	-0.23348793	0.67687684
55.5	10.5	77.94101173214747	29.798439298745055	0.0412	0.0416	0.067	0.0529	0.0984	0.2507	0.3049	0.2903	0.3123	0.2924	0.1777	0.0963	-0.24059832	0.69172496
17.5	11.5	77.93750662374596	29.79834705905028	0.042	0.0461	0.0825	0.061	0.1313	0.2498	0.2817	0.2753	0.2923	0.2822	0.1691	0.0992	-0.23897389	0.63722867
50.5	11.5	77.94055053367359	29.79834705905028	0.0441	0.0468	0.07	0.0652	0.1016	0.2296	0.2775	0.2736	0.2966	0.2791	0.178	0.1028	-0.21169178	0.6151122
51.5	11.5	77.94064277336837	29.79834705905028	0.0441	0.0447	0.067	0.0534	0.1016	0.2296	0.2775	0.2897	0.2966	0.2791	0.178	0.1028	-0.2388283	0.6887205
52.5	11.5	77.94073501306313	29.79834705905028	0.0406	0.0412	0.0642	0.0526	0.0955	0.2384	0.2788	0.299	0.2993	0.2924	0.1735	0.0965	-0.26560846	0.70079637
53.5	11.5	77.94082725275791	29.79834705905028	0.0406	0.0403	0.0642	0.0534	0.0955	0.2384	0.2788	0.2912	0.2993	0.2924	0.1735	0.0965	-0.2532817	0.69007546
54.5	11.5	77.9409194924527	29.79834705905028	0.0412	0.0434	0.0684	0.0544	0.0984	0.2507	0.3049	0.31	0.3123	0.2924	0.1777	0.0963	-0.27127334	0.701427
55.5	11.5	77.94101173214747	29.79834705905028	0.0412	0.0434	0.0684	0.0544	0.0984	0.2507	0.3049	0.31	0.3123	0.2924	0.1777	0.0963	-0.27127334	0.701427
50.5	12.5	77.94055053367359	29.798254819355503	0.0455	0.0465	0.0686	0.0548	0.0967	0.265	0.3222	0.3168	0.3439	0.3034	0.1803	0.0976	-0.27459264	0.70505923
51.5	12.5	77.94064277336837	29.798254819355503	0.0455	0.0454	0.0684	0.0509	0.0967	0.265	0.3222	0.3408	0.3439	0.3034	0.1803	0.0976	-0.3080023	0.74010724
52.5	12.5	77.94073501306313	29.798254819355503	0.042	0.043	0.0664	0.05	0.0991	0.2546	0.3014	0.3181	0.3194	0.3019	0.1771	0.096	-0.28473344	0.72833467
53.5	12.5	77.94082725275791	29.798254819355503	0.042	0.0438	0.0676	0.0524	0.0991	0.2546	0.3014	0.2868	0.3194	0.3019	0.1771	0.096	-0.23647337	0.6910377
54.5	12.5	77.9409194924527	29.798254819355503	0.0429	0.046	0.0664	0.0538	0.102	0.2302	0.2782	0.2858	0.2938	0.3019	0.1769	0.0986	-0.2353577	0.68315667
55.5	12.5	77.94101173214747	29.798254819355503	0.0429	0.046	0.0664	0.0538	0.102	0.2302	0.2782	0.2858	0.2938	0.3019	0.1769	0.0986	-0.2353577	0.68315667
50.5	13.5	77.94055053367359	29.798162579660726	0.0455	0.0452	0.0655	0.0511	0.0967	0.265	0.3222	0.3252	0.3439	0.3034	0.1803	0.0976	-0.28664687	0.72840816
51.5	13.5	77.94064277336837	29.798162579660726	0.0455	0.0461	0.0674	0.0488	0.0967	0.265	0.3222	0.3536	0.3439	0.3034	0.1803	0.0976	-0.32459262	0.7574553
52.5	13.5	77.94073501306313	29.798162579660726	0.042	0.0451	0.0678	0.051	0.0991	0.2546	0.3014	0.3068	0.3194	0.3019	0.1771	0.096	-0.26803058	0.7149246
53.5	13.5	77.94082725275791	29.798162579660726	0.042	0.0398	0.0662	0.0516	0.0991	0.2546	0.3014	0.2863	0.3194	0.3019	0.1771	0.096	-0.23564954	0.6945842
54.5	13.5	77.9409194924527	29.798162579660726	0.0429	0.0476	0.0656	0.0558	0.102	0.2302	0.2782	0.2469	0.2938	0.3019	0.1769	0.0986	-0.16517226	0.63131815
55.5	13.5	77.94101173214747	29.798162579660726	0.0429	0.0476	0.0656	0.0558	0.102	0.2302	0.2782	0.2469	0.2938	0.3019	0.1769	0.0986	-0.16517226	0.63131815
50.5	14.5	77.94055053367359	29.79807033996595	0.0472	0.0476	0.0656	0.0511	0.0896	0.2651	0.3218	0.3228	0.3404	0.3034	0.1834	0.1003	-0.27538523	0.7266649
51.5	14.5	77.94064277336837	29.79807033996595	0.0472	0.0451	0.0655	0.0513	0.0896	0.2651	0.3218	0.3376	0.3404	0.3034	0.1834	0.1003	-0.29596928	0.73617893
52.5	14.5	77.94073501306313	29.79807033996595	0.0439	0.0493	0.0659	0.0538	0.1026	0.2583	0.3108	0.3067	0.3311	0.3019	0.1806	0.0992	-0.25877282	0.7015256
53.5	14.5	77.94082725275791	29.79807033996595	0.0439	0.0453	0.0656	0.0502	0.1026	0.2583	0.3108	0.3002	0.3311	0.3019	0.1806	0.0992	-0.24875206	0.7134703
54.5	14.5	77.9409194924527	29.79807033996595	0.0453	0.0498	0.0678	0.062	0.0988	0.2386	0.2868	0.2357	0.2849	0.3019	0.1747	0.1008	-0.14863545	0.5834733
55.5	14.5	77.94101173214747	29.79807033996595	0.0453	0.0498	0.0678	0.062	0.0988	0.2386	0.2868	0.2357	0.2849	0.3019	0.1747	0.1008	-0.14863545	0.5834733
50.5	15.5	77.94055053367359	29.797978100271173	0.0472	0.0469	0.0696	0.0534	0.0896	0.2651	0.3218	0.3012	0.3404	0.3034	0.1834	0.1003	-0.24308707	0.6988156
51.5	15.5	77.94064277336837	29.797978100271173	0.0472	0.0461	0.0642	0.0532	0.0896	0.2651	0.3218	0.3159	0.3404	0.3034	0.1834	0.1003	-0.2653715	0.71173126
52.5	15.5	77.94073501306313	29.797978100271173	0.0439	0.0453	0.0666	0.0538	0.1026	0.2583	0.3108	0.3229	0.3311	0.3019	0.1806	0.0992	-0.28262165	0.71436155
53.5	15.5	77.94082725275791	29.797978100271173	0.0439	0.0478	0.0692	0.0526	0.1026	0.2583	0.3108	0.3148	0.3311	0.3019	0.1806	0.0992	-0.2708922	0.7136636
54.5	15.5	77.9409194924527	29.797978100271173	0.0453	0.045	0.068	0.0578	0.0988	0.2386	0.2868	0.3004	0.2849	0.3019	0.1747	0.1008	-0.26457584	0.67727524
55.5	15.5	77.94101173214747	29.797978100271173	0.0453	0.0452	0.0686	0.0562	0.0988	0.2386	0.2868	0.2934	0.2849	0.3019	0.1747	0.1008	-0.25357825	0.6784897
5.5	16.5	77.93639974740864	29.797885860576397	0.0367	0.0429	0.0676	0.0548	0.0886	0.1968	0.2334	0.2281	0.2425	0.2761	0.1552	0.0873	-0.19019043	0.61258394
6.5	16.5	77.93649198710342	29.797885860576397	0.0367	0.0383	0.0602	0.0522	0.0886	0.1968	0.2334	0.2061	0.2425	0.2761	0.1552	0.0873	-0.14088015	0.5958188
51.5	16.5	77.94064277336837	29.797885860576397	0.0483	0.0459	0.0681	0.0548	0.0953	0.2488	0.3033	0.3168	0.317	0.3034	0.1852	0.1038	-0.2621514	0.70505923
52.5	16.5	77.94073501306313	29.797885860576397	0.0467	0.0434	0.0698	0.0524	0.1041	0.2647	0.3141	0.3141	0.3349	0.3019	0.181	0.1002	-0.2688346	0.71405184
53.5	16.5	77.94082725275791	29.797885860576397	0.0467	0.0484	0.0714	0.0548	0.1041	0.2647	0.3141	0.3202	0.3349	0.3019	0.181	0.1002	-0.27773345	0.70773333
54.5	16.5	77.9409194924527	29.797885860576397	0.0501	0.0508	0.0714	0.0623	0.0976	0.2596	0.3132	0.3	0.3241	0.3019	0.1823	0.1065	-0.244039	0.65608615
55.5	16.5	77.94101173214747	29.797885860576397	0.0501	0.0447	0.0662	0.0544	0.0976	0.2596	0.3132	0.3176	0.3241	0.3019	0.1823	0.1065	-0.27065414	0.70752686
5.5	17.5	77.93639974740864	29.79779362088162	0.0359	0.0469	0.0688	0.058	0.0914	0.1918	0.2245	0.2381	0.2466	0.2532	0.1585	0.0899	-0.20070602	0.6082405
6.5	17.5	77.93649198710342	29.79779362088162	0.0359	0.0447	0.0628	0.0566	0.0914	0.1918	0.2245	0.2394	0.2466	0.2532	0.1585	0.0899	-0.20331742	0.61756754
7.5	17.5	77.9365842267982	29.79779362088162	0.0356	0.041	0.057	0.0522	0.0878	0.1898	0.2215	0.2282	0.2537	0.2532	0.1557	0.0869	-0.18885128	0.62767476
53.5	17.5	77.94082725275791	29.79779362088162	0.0467	0.0484	0.0712	0.055	0.1041	0.2647	0.3141	0.3232	0.3349	0.3019	0.181	0.1002	-0.28203094	0.7091486
54.5	17.5	77.9409194924527	29.79779362088162	0.0501	0.0498	0.0718	0.0552	0.0976	0.2596	0.3132	0.3062	0.3241	0.3019	0.1823	0.1065	-0.25363356	0.6945213
55.5	17.5	77.94101173214747	29.79779362088162	0.0501	0.04	0.067	0.0498	0.0976	0.2596	0.3132	0.336	0.3241	0.3019	0.1823	0.1065	-0.2965464	0.7418351
5.5	18.5	77.93639974740864	29.797701381186844	0.0359	0.0434	0.067	0.0571	0.0914	0.1918	0.2245	0.2341	0.2466	0.2532	0.1585	0.0899	-0.1925624	0.60782963
6.5	18.5	77.93649198710342	29.797701381186844	0.0359	0.0424	0.0652	0.0582	0.0914	0.1918	0.2245	0.2347	0.2466	0.2532	0.1585	0.0899	-0.19379449	0.60259473
7.5	18.5	77.9365842267982	29.797701381186844	0.0356	0.0435	0.067	0.0566	0.0878	0.1898	0.2215	0.238	0.2537	0.2532	0.1557	0.0869	-0.20904243	0.6157502
8.5	18.5	77.93667646649297	29.797701381186844	0.0356	0.0396	0.0618	0.0536	0.0878	0.1898	0.2215	0.2332	0.2537	0.2532	0.1557	0.0869	-0.19928002	0.62622035
4.5	19.5	77.93630750771386	29.797609141492067	0.0367	0.0408	0.0728	0.0581	0.0966	0.1961	0.232	0.2323	0.2459	0.2765	0.1623	0.0919	-0.1773948	0.5998623
5.5	19.5	77.93639974740864	29.797609141492067	0.0356	0.0418	0.0691	0.0581	0.0965	0.1985	0.2347	0.2331	0.2473	0.2532	0.1631	0.0921	-0.17667843	0.6009615
6.5	19.5	77.93649198710342	29.797609141492067	0.0356	0.0452	0.0678	0.0558	0.0965	0.1985	0.2347	0.232	0.2473	0.2532	0.1631	0.0921	-0.1743862	0.6122307
7.5	19.5	77.9365842267982	29.797609141492067	0.0351	0.042	0.0672	0.058	0.0932	0.1957	0.2334	0.229	0.2492	0.2532	0.1616	0.0931	-0.17255507	0.5958188
8.5	19.5	77.93667646649297	29.797609141492067	0.0351	0.0438	0.0642	0.0586	0.0932	0.1957	0.2334	0.2301	0.2492	0.2532	0.1616	0.0931	-0.17487876	0.59404224
9.5	19.5	77.93676870618775	29.797609141492067	0.0357	0.0446	0.065	0.057	0.0915	0.1952	0.2338	0.2332	0.2483	0.2532	0.1593	0.0891	-0.18828025	0.6071675
10.5	19.5	77.93686094588253	29.797609141492067	0.0357	0.0446	0.065	0.057	0.0915	0.1952	0.2338	0.2332	0.2483	0.2532	0.1593	0.0891	-0.18828025	0.6071675
4.5	20.5	77.93630750771386	29.79751690179729	0.0367	0.044	0.0736	0.0566	0.0966	0.1961	0.232	0.2325	0.2459	0.2765	0.1623	0.0919	-0.17781153	0.60844
5.5	20.5	77.93639974740864	29.79751690179729	0.0356	0.0454	0.0692	0.0579	0.0965	0.1985	0.2347	0.2349	0.2473	0.2532	0.1631	0.0921	-0.180402	0.6045082
6.5	20.5	77.93649198710342	29.79751690179729	0.0356	0.0458	0.07	0.0583	0.0965	0.1985	0.2347	0.2332	0.2473	0.2532	0.1631	0.0921	-0.17688619	0.6
7.5	20.5	77.9365842267982	29.79751690179729	0.0351	0.042	0.0683	0.0588	0.0932	0.1957	0.2334	0.232	0.2492	0.2532	0.1616	0.0931	-0.1788618	0.59559834
8.5	20.5	77.93667646649297	29.79751690179729	0.0351	0.041	0.0662	0.0582	0.0932	0.1957	0.2334	0.2288	0.2492	0.2532	0.1616	0.0931	-0.17213117	0.5944251
9.5	20.5	77.93676870618775	29.79751690179729	0.0357	0.0414	0.0676	0.0558	0.0915	0.1952	0.2338	0.2314	0.2483	0.2532	0.1593	0.0891	-0.18454057	0.61142063
10.5	20.5	77.93686094588253	29.79751690179729	0.0357	0.0441	0.0689	0.0556	0.0915	0.1952	0.2338	0.2315	0.2483	0.2532	0.1593	0.0891	-0.18474923	0.6126785
11.5	20.5	77.93695318557731	29.79751690179729	0.0357	0.0441	0.0689	0.0556	0.0915	0.1952	0.2338	0.2315	0.2483	0.2532	0.1593	0.0891	-0.18474923	0.6126785
4.5	21.5	77.93630750771386	29.797424662102515	0.0367	0.0454	0.0684	0.0602	0.0997	0.2026	0.243	0.2305	0.252	0.2765	0.1641	0.0941	-0.16827165	0.5858273
5.5	21.5	77.93639974740864	29.797424662102515	0.0359	0.0478	0.0672	0.0587	0.0954	0.1984	0.2342	0.2308	0.2505	0.2532	0.1644	0.094	-0.16801621	0.59447324
6.5	21.5	77.93649198710342	29.797424662102515	0.0359	0.0424	0.0675	0.0583	0.0954	0.1984	0.2342	0.2338	0.2505	0.2532	0.1644	0.094	-0.17428428	0.6008216
7.5	21.5	77.9365842267982	29.797424662102515	0.0354	0.0424	0.0683	0.0584	0.0927	0.1968	0.2303	0.2304	0.2462	0.2532	0.1621	0.0945	-0.17401272	0.5955679
8.5	21.5	77.93667646649297	29.797424662102515	0.0354	0.0414	0.0674	0.0588	0.0927	0.1968	0.2303	0.2317	0.2462	0.2532	0.1621	0.0945	-0.17673947	0.59518075
4.5	22.5	77.93630750771386	29.797332422407738	0.0367	0.0464	0.0686	0.0604	0.0997	0.2026	0.243	0.2361	0.252	0.2765	0.1641	0.0941	-0.17991003	0.5925801
5.5	22.5	77.93639974740864	29.797332422407738	0.0359	0.0446	0.0683	0.058	0.0954	0.1984	0.2342	0.231	0.2505	0.2532	0.1644	0.094	-0.16843705	0.59861594
41.5	50.5	77.9397203764206	29.794749710953997	0.0604	0.0547	0.0822	0.076	0.1257	0.2446	0.2684	0.2832	0.301	0.3002	0.2436	0.1631	-0.075170845	0.5768374
42.5	50.5	77.93981261611538	29.794749710953997	0.0626	0.0566	0.0932	0.0844	0.1535	0.2608	0.2885	0.2908	0.3083	0.3002	0.2612	0.1819	-0.053623177	0.55010664
40.5	51.5	77.93962813672582	29.79465747125922	0.0566	0.0481	0.0786	0.0704	0.1277	0.2588	0.2927	0.2888	0.3093	0.3002	0.251	0.1649	-0.070025966	0.6080178
41.5	51.5	77.9397203764206	29.79465747125922	0.0566	0.052	0.0809	0.0768	0.1277	0.2588	0.2927	0.2862	0.3093	0.3002	0.251	0.1649	-0.06552495	0.5768595
42.5	51.5	77.93981261611538	29.79465747125922	0.058	0.0582	0.0952	0.092	0.1786	0.2723	0.2982	0.2918	0.316	0.3002	0.2816	0.2058	-0.017788619	0.5205836
43.5	51.5	77.93990485581016	29.79465747125922	0.058	0.0694	0.1054	0.1076	0.1786	0.2723	0.2982	0.2928	0.316	0.3002	0.2816	0.2058	-0.019498626	0.46253747
39.5	52.5	77.93953589703105	29.794565231564444	0.0559	0.0608	0.091	0.0946	0.138	0.2593	0.299	0.3172	0.312	0.3002	0.2515	0.1702	-0.115526624	0.5405537
40.5	52.5	77.93962813672582	29.794565231564444	0.0566	0.0477	0.08	0.0725	0.1277	0.2588	0.2927	0.3052	0.3093	0.3002	0.251	0.1649	-0.097447	0.61609745
41.5	52.5	77.9397203764206	29.794565231564444	0.0566	0.0522	0.0818	0.0745	0.1277	0.2588	0.2927	0.2932	0.3093	0.3002	0.251	0.1649	-0.077545024	0.5947783
42.5	52.5	77.93981261611538	29.794565231564444	0.058	0.0653	0.1026	0.1044	0.1786	0.2723	0.2982	0.2989	0.316	0.3002	0.2816	0.2058	-0.02980191	0.48227125
43.5	52.5	77.93990485581016	29.794565231564444	0.058	0.0787	0.123	0.1402	0.1786	0.2723	0.2982	0.3111	0.316	0.3002	0.2816	0.2058	-0.04977224	0.3786838
44.5	52.5	77.93999709550492	29.794565231564444	0.0609	0.0794	0.1236	0.1428	0.1804	0.2632	0.2888	0.3024	0.3046	0.2881	0.2796	0.2088	-0.039175257	0.35849056
37.5	53.5	77.93935141764149	29.794472991869668	0.0615	0.0532	0.0891	0.0832	0.1415	0.2724	0.306	0.3364	0.3171	0.2712	0.2729	0.1874	-0.104217984	0.6034318
38.5	53.5	77.93944365733627	29.794472991869668	0.0557	0.0554	0.0966	0.0932	0.1515	0.2699	0.317	0.3177	0.3195	0.3031	0.2622	0.1765	-0.09570616	0.5463616
39.5	53.5	77.93953589703105	29.794472991869668	0.0557	0.0662	0.0983	0.1034	0.1515	0.2699	0.317	0.3145	0.3195	0.3031	0.2622	0.1765	-0.09068841	0.5051448
40.5	53.5	77.93962813672582	29.794472991869668	0.0525	0.0538	0.0846	0.0832	0.1311	0.2412	0.282	0.2964	0.3011	0.3031	0.2632	0.1774	-0.059328083	0.56164384
41.5	53.5	77.9397203764206	29.794472991869668	0.0525	0.0518	0.0788	0.0734	0.1311	0.2412	0.282	0.281	0.3011	0.3031	0.2632	0.1774	-0.032708514	0.5857788
42.5	53.5	77.93981261611538	29.794472991869668	0.0526	0.0638	0.103	0.1128	0.1897	0.2805	0.2994	0.2907	0.3218	0.3031	0.2866	0.2159	-0.007102018	0.44089216
43.5	53.5	77.93990485581016	29.794472991869668	0.0526	0.0896	0.1366	0.171	0.1897	0.2805	0.2994	0.3212	0.3218	0.3031	0.2866	0.2159	-0.056926653	0.30516052
44.5	53.5	77.93999709550492	29.794472991869668	0.0548	0.083	0.1214	0.1372	0.1565	0.2616	0.2986	0.314	0.3118	0.2914	0.2642	0.1889	-0.08612938	0.391844
45.5	53.5	77.9400893351997	29.794472991869668	0.0548	0.0567	0.0905	0.086	0.1565	0.2616	0.2986	0.2946	0.3118	0.2914	0.2642	0.1889	-0.054402303	0.548082
36.5	54.5	77.93925917794671	29.79438075217489	0.0615	0.0578	0.0866	0.0748	0.1415	0.2724	0.306	0.3497	0.3171	0.2712	0.2729	0.1874	-0.12335371	0.6475854
37.5	54.5	77.93935141764149	29.79438075217489	0.0615	0.0578	0.0866	0.0748	0.1415	0.2724	0.306	0.3497	0.3171	0.2712	0.2729	0.1874	-0.12335371	0.6475854
38.5	54.5	77.93944365733627	29.79438075217489	0.0557	0.0472	0.0768	0.0692	0.1515	0.2699	0.317	0.3256	0.3195	0.3031	0.2622	0.1765	-0.10785982	0.64944273
39.5	54.5	77.93953589703105	29.79438075217489	0.0557	0.0594	0.0928	0.0894	0.1515	0.2699	0.317	0.3061	0.3195	0.3031	0.2622	0.1765	-0.077247955	0.547914
40.5	54.5	77.93962813672582	29.79438075217489	0.0525	0.0575	0.0942	0.091	0.1311	0.2412	0.282	0.2802	0.3011	0.3031	0.2632	0.1774	-0.031284485	0.5096983
41.5	54.5	77.9397203764206	29.79438075217489	0.0525	0.0524	0.0794	0.0756	0.1311	0.2412	0.282	0.2697	0.3011	0.3031	0.2632	0.1774	-0.012197365	0.5621199
42.5	54.5	77.93981261611538	29.79438075217489	0.0526	0.0678	0.1001	0.1084	0.1897	0.2805	0.2994	0.2851	0.3218	0.3031	0.2866	0.2159	0.0026237199	0.44904703
43.5	54.5	77.93990485581016	29.79438075217489	0.0526	0.0836	0.13	0.1534	0.1897	0.2805	0.2994	0.3104	0.3218	0.3031	0.2866	0.2159	-0.039866023	0.33850798
44.5	54.5	77.93999709550492	29.79438075217489	0.0548	0.0693	0.104	0.1088	0.1565	0.2616	0.2986	0.3046	0.3118	0.2914	0.2642	0.1889	-0.07102672	0.4736333
45.5	54.5	77.9400893351997	29.79438075217489	0.0548	0.0511	0.0794	0.07	0.1565	0.2616	0.2986	0.2769	0.3118	0.2914	0.2642	0.1889	-0.023470692	0.5964255
35.5	55.5	77.93916693825194	29.794288512480115	0.0666	0.0769	0.1008	0.1066	0.1638	0.2457	0.2728	0.2902	0.2914	0.2712	0.2846	0.2109	-0.009742529	0.4627016
36.5	55.5	77.93925917794671	29.794288512480115	0.0666	0.0769	0.1036	0.1056	0.1638	0.2457	0.2728	0.283	0.2914	0.2712	0.2846	0.2109	0.0028188818	0.45651054
37.5	55.5	77.93935141764149	29.794288512480115	0.0569	0.0574	0.0881	0.0908	0.1469	0.2394	0.2708	0.2684	0.287	0.3031	0.264	0.1792	-0.00826449	0.4944321
38.5	55.5	77.93944365733627	29.794288512480115	0.0569	0.0574	0.0881	0.0908	0.1469	0.2394	0.2708	0.2684	0.287	0.3031	0.264	0.1792	-0.00826449	0.4944321
39.5	55.5	77.93953589703105	29.794288512480115	0.0569	0.06	0.0938	0.0974	0.1469	0.2394	0.2708	0.279	0.287	0.3031	0.264	0.1792	-0.027624337	0.48246548
40.5	55.5	77.93962813672582	29.794288512480115	0.0507	0.0538	0.0889	0.0858	0.1347	0.2515	0.2855	0.28	0.3037	0.3031	0.2573	0.1715	-0.0422483	0.5308912
41.5	55.5	77.9397203764206	29.794288512480115	0.0507	0.0496	0.0844	0.0741	0.1347	0.2515	0.2855	0.281	0.3037	0.3031	0.2573	0.1715	-0.044027492	0.58265275
42.5	55.5	77.93981261611538	29.794288512480115	0.0496	0.067	0.1012	0.1044	0.1598	0.267	0.2901	0.2988	0.311	0.3031	0.2524	0.1733	-0.08417994	0.48214284
43.5	55.5	77.93990485581016	29.794288512480115	0.0496	0.0662	0.1124	0.1204	0.1598	0.267	0.2901	0.3152	0.311	0.3031	0.2524	0.1733	-0.11064128	0.44719929
44.5	55.5	77.93999709550492	29.794288512480115	0.0513	0.0548	0.0861	0.084	0.1194	0.2423	0.2945	0.289	0.3044	0.2914	0.2229	0.1462	-0.12912679	0.54959786
45.5	55.5	77.9400893351997	29.794288512480115	0.0513	0.0457	0.0708	0.0641	0.1194	0.2423	0.2945	0.2662	0.3044	0.2914	0.2229	0.1462	-0.08852996	0.611868
60.5	55.5	77.94147293062134	29.794288512480115	0.0642	0.1208	0.1466	0.1714	0.1636	0.2052	0.2303	0.2407	0.2431	0.242	0.2565	0.2177	0.031777956	0.16816309
61.5	55.5	77.94156517031612	29.794288512480115	0.066	0.0972	0.1086	0.1144	0.1414	0.2025	0.2211	0.198	0.2477	0.242	0.2345	0.1855	0.08439308	0.26760563
36.5	56.5	77.93925917794671	29.79419627278534	0.0666	0.0698	0.1004	0.1044	0.1638	0.2457	0.2728	0.2563	0.2914	0.2712	0.2846	0.2109	0.052320186	0.4211256
37.5	56.5	77.93935141764149	29.79419627278534	0.0569	0.0656	0.0956	0.1072	0.1469	0.2394	0.2708	0.2561	0.287	0.3031	0.264	0.1792	0.015189386	0.4098541
38.5	56.5	77.93944365733627	29.79419627278534	0.0569	0.0656	0.0956	0.1072	0.1469	0.2394	0.2708	0.2561	0.287	0.3031	0.264	0.1792	0.015189386	0.4098541
39.5	56.5	77.93953589703105	29.79419627278534	0.0569	0.0674	0.0977	0.0998	0.1469	0.2394	0.2708	0.2698	0.287	0.3031	0.264	0.1792	-0.010865509	0.45995674
40.5	56.5	77.93962813672582	29.79419627278534	0.0507	0.0542	0.0844	0.0766	0.1347	0.2515	0.2855	0.2872	0.3037	0.3031	0.2573	0.1715	-0.05491279	0.5788895
41.5	56.5	77.9397203764206	29.79419627278534	0.0507	0.0483	0.0838	0.0708	0.1347	0.2515	0.2855	0.301	0.3037	0.3031	0.2573	0.1715	-0.07827335	0.6191501
42.5	56.5	77.93981261611538	29.79419627278534	0.0496	0.0538	0.0915	0.0814	0.1598	0.267	0.2901	0.2956	0.311	0.3031	0.2524	0.1733	-0.07883209	0.5681698
43.5	56.5	77.93990485581016	29.79419627278534	0.0496	0.0535	0.089	0.0847	0.1598	0.267	0.2901	0.2909	0.311	0.3031	0.2524	0.1733	-0.07086321	0.5489883
44.5	56.5	77.93999709550492	29.79419627278534	0.0513	0.0467	0.0738	0.0645	0.1194	0.2423	0.2945	0.2578	0.3044	0.2914	0.2229	0.1462	-0.07260247	0.59975183
59.5	56.5	77.94138069092658	29.79419627278534	0.0687	0.109	0.1432	0.1594	0.177	0.2046	0.1976	0.251	0.2273	0.242	0.2448	0.2137	-0.0125050135	0.22319685
60.5	56.5	77.94147293062134	29.79419627278534	0.0642	0.0986	0.1388	0.1616	0.1636	0.2052	0.2303	0.2594	0.2431	0.242	0.2565	0.2177	-0.0056212526	0.23230408
61.5	56.5	77.94156517031612	29.79419627278534	0.0642	0.09	0.1178	0.1312	0.1636	0.2052	0.2303	0.2195	0.2431	0.242	0.2565	0.2177	0.077731095	0.25178215
62.5	56.5	77.9416574100109	29.79419627278534	0.0607	0.0644	0.0894	0.0875	0.1416	0.2023	0.2253	0.2216	0.2302	0.242	0.2144	0.1707	-0.016513769	0.4338402
37.5	57.5	77.93935141764149	29.794104033090562	0.0608	0.0643	0.0986	0.0968	0.1713	0.2556	0.2728	0.2677	0.2894	0.3031	0.2798	0.2074	0.022100478	0.46886143
38.5	57.5	77.93944365733627	29.794104033090562	0.0608	0.0643	0.0986	0.0968	0.1713	0.2556	0.2728	0.2677	0.2894	0.3031	0.2798	0.2074	0.022100478	0.46886143
39.5	57.5	77.93953589703105	29.794104033090562	0.0608	0.0585	0.0936	0.0916	0.1713	0.2556	0.2728	0.2708	0.2894	0.3031	0.2798	0.2074	0.01634581	0.49448124
40.5	57.5	77.93962813672582	29.794104033090562	0.0527	0.0568	0.0879	0.0858	0.1384	0.2438	0.2697	0.284	0.2951	0.3031	0.2512	0.1694	-0.061285537	0.5359654
41.5	57.5	77.9397203764206	29.794104033090562	0.0527	0.0561	0.0848	0.0785	0.1384	0.2438	0.2697	0.302	0.2951	0.3031	0.2512	0.1694	-0.09182935	0.587385
42.5	57.5	77.93981261611538	29.794104033090562	0.0506	0.0538	0.0908	0.0833	0.1276	0.2425	0.2864	0.2898	0.2982	0.3031	0.2196	0.1405	-0.13780916	0.5534709
43.5	57.5	77.93990485581016	29.794104033090562	0.0506	0.051	0.0798	0.075	0.1276	0.2425	0.2864	0.2692	0.2982	0.3031	0.2196	0.1405	-0.101472974	0.56420684
58.5	57.5	77.9412884512318	29.794104033090562	0.0699	0.0643	0.084	0.0879	0.1322	0.2019	0.2107	0.1695	0.2319	0.242	0.2178	0.1768	0.12470956	0.3170163
59.5	57.5	77.94138069092658	29.794104033090562	0.0699	0.0826	0.1138	0.1312	0.1322	0.2019	0.2107	0.2244	0.2319	0.242	0.2178	0.1768	-0.014925356	0.26209223
60.5	57.5	77.94147293062134	29.794104033090562	0.0651	0.0836	0.1146	0.1366	0.1436	0.1771	0.2086	0.2236	0.2133	0.242	0.2255	0.1861	0.004230689	0.24153247
61.5	57.5	77.94156517031612	29.794104033090562	0.0651	0.0876	0.1092	0.117	0.1436	0.1771	0.2086	0.1846	0.2133	0.242	0.2255	0.1861	0.09973179	0.22413793
62.5	57.5	77.9416574100109	29.794104033090562	0.0608	0.0814	0.1024	0.108	0.1397	0.1952	0.2012	0.1938	0.2304	0.242	0.216	0.167	0.054172773	0.28429422
63.5	57.5	77.94174964970568	29.794104033090562	0.0607	0.0766	0.0975	0.1076	0.1416	0.2023	0.2253	0.2023	0.2302	0.242	0.2144	0.1707	0.02903767	0.30558243
38.5	58.5	77.93944365733627	29.794011793395786	0.0608	0.1162	0.1466	0.1712	0.1713	0.2556	0.2728	0.2911	0.2894	0.3031	0.2798	0.2074	-0.019793306	0.25935537
39.5	58.5	77.93953589703105	29.794011793395786	0.0608	0.0715	0.1052	0.113	0.1713	0.2556	0.2728	0.2762	0.2894	0.3031	0.2798	0.2074	0.0064748228	0.4193217
40.5	58.5	77.93962813672582	29.794011793395786	0.0527	0.0603	0.0924	0.0886	0.1384	0.2438	0.2697	0.2633	0.2951	0.3031	0.2512	0.1694	-0.023518	0.49644786
41.5	58.5	77.9397203764206	29.794011793395786	0.0527	0.0586	0.089	0.0854	0.1384	0.2438	0.2697	0.2746	0.2951	0.3031	0.2512	0.1694	-0.04450363	0.52555555
42.5	58.5	77.93981261611538	29.794011793395786	0.0506	0.0546	0.0864	0.0772	0.1276	0.2425	0.2864	0.2636	0.2982	0.3031	0.2196	0.1405	-0.09105957	0.5469483
57.5	58.5	77.94119621153702	29.794011793395786	0.0745	0.0816	0.1206	0.1292	0.161	0.2102	0.2177	0.2447	0.2174	0.2749	0.24	0.208	-0.00969673	0.30890614
58.5	58.5	77.9412884512318	29.794011793395786	0.0699	0.0488	0.0656	0.0684	0.1322	0.2019	0.2107	0.2123	0.2319	0.242	0.2178	0.1768	0.012787732	0.5126469
59.5	58.5	77.94138069092658	29.794011793395786	0.0699	0.0709	0.0928	0.0934	0.1322	0.2019	0.2107	0.2222	0.2319	0.242	0.2178	0.1768	-0.01	0.40811154
60.5	58.5	77.94147293062134	29.794011793395786	0.0651	0.0813	0.1023	0.1086	0.1436	0.1771	0.2086	0.1845	0.2133	0.242	0.2255	0.1861	0.100000024	0.258956
61.5	58.5	77.94156517031612	29.794011793395786	0.0651	0.0702	0.0928	0.0984	0.1436	0.1771	0.2086	0.1748	0.2133	0.242	0.2255	0.1861	0.12665503	0.2796486
62.5	58.5	77.9416574100109	29.794011793395786	0.0608	0.0622	0.0872	0.093	0.1397	0.1952	0.2012	0.2143	0.2304	0.242	0.216	0.167	0.0039507295	0.39472827
63.5	58.5	77.94174964970568	29.794011793395786	0.0608	0.0628	0.0959	0.0973	0.1397	0.1952	0.2012	0.2411	0.2304	0.242	0.216	0.167	-0.054911382	0.42494088
64.5	58.5	77.94184188940045	29.794011793395786	0.0556	0.0673	0.095	0.0998	0.1454	0.219	0.245	0.2568	0.2651	0.262	0.25	0.1799	-0.013417514	0.4402692
39.5	59.5	77.93953589703105	29.79391955370101	0.0667	0.0872	0.1194	0.123	0.2217	0.2706	0.2878	0.2764	0.3059	0.2739	0.2896	0.2308	0.02332158	0.3840761
40.5	59.5	77.93962813672582	29.79391955370101	0.0571	0.0522	0.0831	0.0838	0.1244	0.2364	0.2603	0.2508	0.2686	0.2739	0.2313	0.1596	-0.040448073	0.49910343
41.5	59.5	77.9397203764206	29.79391955370101	0.0571	0.0546	0.0828	0.0822	0.1244	0.2364	0.2603	0.2414	0.2686	0.2739	0.2313	0.1596	-0.021366632	0.4919654
56.5	59.5	77.94110397184224	29.79391955370101	0.0773	0.0762	0.1048	0.1392	0.1698	0.1967	0.2207	0.2239	0.23	0.2908	0.2444	0.2161	0.043775335	0.23326908
57.5	59.5	77.94119621153702	29.79391955370101	0.0773	0.0762	0.1048	0.1392	0.1698	0.1967	0.2207	0.2239	0.23	0.2908	0.2444	0.2161	0.043775335	0.23326908
58.5	59.5	77.9412884512318	29.79391955370101	0.0727	0.0696	0.0901	0.1364	0.1616	0.2244	0.2239	0.2599	0.248	0.2764	0.2234	0.1833	-0.07552247	0.3116326
59.5	59.5	77.94138069092658	29.79391955370101	0.0727	0.0594	0.0872	0.0955	0.1616	0.2244	0.2239	0.2349	0.248	0.2764	0.2234	0.1833	-0.025092736	0.42191282
60.5	59.5	77.94147293062134	29.79391955370101	0.0676	0.0596	0.0828	0.0828	0.1132	0.208	0.2495	0.1969	0.2636	0.2764	0.2077	0.1482	0.02669304	0.40793705
61.5	59.5	77.94156517031612	29.79391955370101	0.0676	0.06	0.0842	0.085	0.1132	0.208	0.2495	0.1896	0.2636	0.2764	0.2077	0.1482	0.045557495	0.3809177
62.5	59.5	77.9416574100109	29.79391955370101	0.0619	0.0542	0.0803	0.0792	0.1248	0.2226	0.2471	0.2234	0.2792	0.2764	0.2219	0.1537	-0.0033685057	0.4765367
63.5	59.5	77.94174964970568	29.79391955370101	0.0619	0.0528	0.0844	0.0826	0.1248	0.2226	0.2471	0.2554	0.2792	0.2764	0.2219	0.1537	-0.070186466	0.5112426
64.5	59.5	77.94184188940045	29.79391955370101	0.0554	0.0553	0.0866	0.0884	0.145	0.2161	0.2512	0.2402	0.2703	0.2656	0.2513	0.1795	0.022583945	0.46195984
65.5	59.5	77.94193412909523	29.79391955370101	0.0556	0.0562	0.0891	0.0934	0.1454	0.219	0.245	0.2448	0.2651	0.262	0.25	0.1799	0.0105092935	0.4476641
66.5	59.5	77.94202636879001	29.79391955370101	0.0556	0.0562	0.0891	0.0934	0.1454	0.219	0.245	0.2448	0.2651	0.262	0.25	0.1799	0.0105092935	0.4476641
40.5	60.5	77.93962813672582	29.793827314006233	0.0571	0.0598	0.0928	0.0928	0.1244	0.2364	0.2603	0.244	0.2686	0.2739	0.2313	0.1596	-0.02671998	0.44893113
55.5	60.5	77.94101173214747	29.793827314006233	0.0773	0.0708	0.1024	0.1342	0.1698	0.1967	0.2207	0.1924	0.23	0.2908	0.2444	0.2161	0.11904763	0.17819959
56.5	60.5	77.94110397184224	29.793827314006233	0.0773	0.0882	0.1198	0.1632	0.1698	0.1967	0.2207	0.2132	0.23	0.2908	0.2444	0.2161	0.0681818	0.1328374
57.5	60.5	77.94119621153702	29.793827314006233	0.0773	0.0882	0.1198	0.1632	0.1698	0.1967	0.2207	0.2132	0.23	0.2908	0.2444	0.2161	0.0681818	0.1328374
58.5	60.5	77.9412884512318	29.793827314006233	0.0727	0.0998	0.1284	0.175	0.1616	0.2244	0.2239	0.2416	0.248	0.2764	0.2234	0.1833	-0.039139807	0.1598656
59.5	60.5	77.94138069092658	29.793827314006233	0.0727	0.0662	0.0938	0.1056	0.1616	0.2244	0.2239	0.2378	0.248	0.2764	0.2234	0.1833	-0.031222908	0.3849738
60.5	60.5	77.94147293062134	29.793827314006233	0.0676	0.0489	0.0777	0.0665	0.1132	0.208	0.2495	0.2767	0.2636	0.2764	0.2077	0.1482	-0.14244424	0.61247087
61.5	60.5	77.94156517031612	29.793827314006233	0.0676	0.0534	0.0808	0.0696	0.1132	0.208	0.2495	0.2956	0.2636	0.2764	0.2077	0.1482	-0.17464733	0.61883897
62.5	60.5	77.9416574100109	29.793827314006233	0.0619	0.0524	0.0783	0.07	0.1248	0.2226	0.2471	0.281	0.2792	0.2764	0.2219	0.1537	-0.11751837	0.6011396
63.5	60.5	77.94174964970568	29.793827314006233	0.0619	0.0536	0.085	0.0832	0.1248	0.2226	0.2471	0.2656	0.2792	0.2764	0.2219	0.1537	-0.08964101	0.52293575
64.5	60.5	77.94184188940045	29.793827314006233	0.0554	0.062	0.095	0.1018	0.145	0.2161	0.2512	0.2486	0.2703	0.2656	0.2513	0.1795	0.005401082	0.41894978
65.5	60.5	77.94193412909523	29.793827314006233	0.0554	0.0642	0.0924	0.1044	0.145	0.2161	0.2512	0.2534	0.2703	0.2656	0.2513	0.1795	-0.0041608694	0.41643375
66.5	60.5	77.94202636879001	29.793827314006233	0.0508	0.0646	0.096	0.116	0.1517	0.2188	0.2308	0.2436	0.2603	0.2656	0.259	0.1939	0.030640684	0.35483873
67.5	60.5	77.94211860848479	29.793827314006233	0.0508	0.0646	0.096	0.116	0.1517	0.2188	0.2308	0.2436	0.2603	0.2656	0.259	0.1939	0.030640684	0.35483873
54.5	61.5	77.9409194924527	29.793735074311456	0.082	0.1154	0.161	0.198	0.2275	0.2596	0.2747	0.2614	0.2886	0.2908	0.3016	0.2574	0.07140318	0.13800612
55.5	61.5	77.94101173214747	29.793735074311456	0.081	0.1014	0.136	0.177	0.1757	0.2103	0.2161	0.226	0.2167	0.2908	0.2449	0.2106	0.040135924	0.12158808
56.5	61.5	77.94110397184224	29.793735074311456	0.081	0.0847	0.1078	0.1474	0.1757	0.2103	0.2161	0.1904	0.2167	0.2908	0.2449	0.2106	0.125201	0.12729424
57.5	61.5	77.94119621153702	29.793735074311456	0.0761	0.0863	0.11	0.1366	0.1493	0.227	0.2512	0.1951	0.2473	0.2764	0.2359	0.1904	0.09466358	0.17636417
58.5	61.5	77.9412884512318	29.793735074311456	0.0761	0.0863	0.11	0.1366	0.1493	0.227	0.2512	0.1951	0.2473	0.2764	0.2359	0.1904	0.09466358	0.17636417
59.5	61.5	77.94138069092658	29.793735074311456	0.0761	0.0786	0.1056	0.1168	0.1493	0.227	0.2512	0.2305	0.2473	0.2764	0.2359	0.1904	0.011578049	0.32738265
60.5	61.5	77.94147293062134	29.793735074311456	0.0702	0.0638	0.0902	0.0888	0.1454	0.267	0.3196	0.3006	0.3062	0.2764	0.2486	0.1809	-0.09468315	0.5439137
61.5	61.5	77.94156517031612	29.793735074311456	0.0702	0.0542	0.0768	0.0669	0.1454	0.267	0.3196	0.3636	0.3062	0.2764	0.2486	0.1809	-0.18784708	0.6891986
62.5	61.5	77.9416574100109	29.793735074311456	0.0634	0.0516	0.0763	0.0739	0.1553	0.2588	0.2762	0.306	0.2918	0.2764	0.2571	0.1915	-0.08684072	0.61095023
63.5	61.5	77.94174964970568	29.793735074311456	0.0634	0.0497	0.0802	0.0861	0.1553	0.2588	0.2762	0.2496	0.2918	0.2764	0.2571	0.1915	0.014801645	0.487042
64.5	61.5	77.94184188940045	29.793735074311456	0.0552	0.062	0.0943	0.1104	0.1512	0.219	0.2541	0.2558	0.2734	0.2656	0.2495	0.1807	-0.012467845	0.3970508
65.5	61.5	77.94193412909523	29.793735074311456	0.0552	0.0644	0.0954	0.1066	0.1512	0.219	0.2541	0.2642	0.2734	0.2656	0.2495	0.1807	-0.028615914	0.42502695
66.5	61.5	77.94202636879001	29.793735074311456	0.0495	0.0519	0.0812	0.0809	0.1276	0.2166	0.2394	0.2678	0.2641	0.2656	0.2281	0.1585	-0.080056466	0.53599083
53.5	62.5	77.94082725275791	29.79364283461668	0.082	0.0865	0.1308	0.1512	0.2275	0.2596	0.2747	0.2854	0.2886	0.2908	0.3016	0.2574	0.027597966	0.3073752
54.5	62.5	77.9409194924527	29.79364283461668	0.082	0.1014	0.144	0.17	0.2275	0.2596	0.2747	0.2547	0.2886	0.2908	0.3016	0.2574	0.08430704	0.1994349
55.5	62.5	77.94101173214747	29.79364283461668	0.081	0.0987	0.137	0.16	0.1757	0.2103	0.2161	0.2334	0.2167	0.2908	0.2449	0.2106	0.02404349	0.18657856
56.5	62.5	77.94110397184224	29.79364283461668	0.081	0.0722	0.101	0.1154	0.1757	0.2103	0.2161	0.2019	0.2167	0.2908	0.2449	0.2106	0.096239924	0.27261266
57.5	62.5	77.94119621153702	29.79364283461668	0.0761	0.0712	0.0939	0.1	0.1493	0.227	0.2512	0.2291	0.2473	0.2764	0.2359	0.1904	0.014623647	0.39228198
58.5	62.5	77.9412884512318	29.79364283461668	0.0761	0.0712	0.0939	0.1	0.1493	0.227	0.2512	0.2291	0.2473	0.2764	0.2359	0.1904	0.014623647	0.39228198
59.5	62.5	77.94138069092658	29.79364283461668	0.0761	0.0857	0.1104	0.1238	0.1493	0.227	0.2512	0.2492	0.2473	0.2764	0.2359	0.1904	-0.02741703	0.33619303
60.5	62.5	77.94147293062134	29.79364283461668	0.0702	0.0691	0.1044	0.1082	0.1454	0.267	0.3196	0.2744	0.3062	0.2764	0.2486	0.1809	-0.049330764	0.43439624
61.5	62.5	77.94156517031612	29.79364283461668	0.0702	0.059	0.0836	0.0902	0.1454	0.267	0.3196	0.3038	0.3062	0.2764	0.2486	0.1809	-0.09992755	0.54213196
62.5	62.5	77.9416574100109	29.79364283461668	0.0634	0.0637	0.0922	0.1122	0.1553	0.2588	0.2762	0.2698	0.2918	0.2764	0.2571	0.1915	-0.024103286	0.41256547
63.5	62.5	77.94174964970568	29.79364283461668	0.0634	0.0591	0.0906	0.1008	0.1553	0.2588	0.2762	0.2457	0.2918	0.2764	0.2571	0.1915	0.022673	0.4181818
64.5	62.5	77.94184188940045	29.79364283461668	0.0552	0.0662	0.1002	0.106	0.1512	0.219	0.2541	0.2544	0.2734	0.2656	0.2495	0.1807	-0.009724168	0.41176474
65.5	62.5	77.94193412909523	29.79364283461668	0.0552	0.0581	0.087	0.0865	0.1512	0.219	0.2541	0.2608	0.2734	0.2656	0.2495	0.1807	-0.022143831	0.5018716
52.5	63.5	77.94073501306313	29.793550594921903	0.0806	0.1318	0.1824	0.2188	0.2287	0.2944	0.3053	0.324	0.314	0.2908	0.3248	0.2694	0.0012330664	0.1938099
53.5	63.5	77.94082725275791	29.793550594921903	0.0883	0.108	0.1504	0.1778	0.2316	0.2772	0.2909	0.2891	0.3074	0.2908	0.3217	0.2695	0.05337265	0.23838079
54.5	63.5	77.9409194924527	29.793550594921903	0.0883	0.0954	0.1268	0.1538	0.2316	0.2772	0.2909	0.2547	0.3074	0.2908	0.3217	0.2695	0.11623872	0.24700125
55.5	63.5	77.94101173214747	29.793550594921903	0.087	0.0934	0.129	0.1468	0.1902	0.2503	0.2639	0.2416	0.282	0.2908	0.2905	0.2373	0.091899976	0.2440783
56.5	63.5	77.94110397184224	29.793550594921903	0.087	0.0675	0.0986	0.1088	0.1902	0.2503	0.2639	0.2399	0.282	0.2908	0.2905	0.2373	0.095399685	0.37596786
57.5	63.5	77.94119621153702	29.793550594921903	0.081	0.0725	0.1108	0.1128	0.1866	0.2483	0.2745	0.2852	0.2975	0.2764	0.2896	0.234	0.007654862	0.43316582
58.5	63.5	77.9412884512318	29.793550594921903	0.081	0.0725	0.1108	0.1128	0.1866	0.2483	0.2745	0.2852	0.2975	0.2764	0.2896	0.234	0.007654862	0.43316582
59.5	63.5	77.94138069092658	29.793550594921903	0.081	0.0892	0.1222	0.13	0.1866	0.2483	0.2745	0.2908	0.2975	0.2764	0.2896	0.234	-0.0020675233	0.3821293
60.5	63.5	77.94147293062134	29.793550594921903	0.0735	0.0791	0.122	0.1438	0.1981	0.2644	0.284	0.2952	0.3065	0.2764	0.3053	0.2521	0.01681933	0.34487468
61.5	63.5	77.94156517031612	29.793550594921903	0.0735	0.0847	0.1236	0.1622	0.1981	0.2644	0.284	0.288	0.3065	0.2764	0.3053	0.2521	0.02915896	0.27943134
62.5	63.5	77.9416574100109	29.793550594921903	0.0651	0.0938	0.1398	0.1776	0.1911	0.2629	0.2855	0.2806	0.2992	0.2764	0.2996	0.2478	0.032747317	0.22479269
63.5	63.5	77.94174964970568	29.793550594921903	0.0651	0.081	0.1134	0.1394	0.1911	0.2629	0.2855	0.2755	0.2992	0.2764	0.2996	0.2478	0.041905764	0.32803082
64.5	63.5	77.94184188940045	29.793550594921903	0.0552	0.0762	0.1078	0.1272	0.1557	0.2333	0.261	0.2655	0.2742	0.2656	0.2585	0.193	-0.013358776	0.35217723
53.5	64.5	77.94082725275791	29.793458355227127	0.0883	0.1112	0.1516	0.1794	0.2316	0.2772	0.2909	0.3077	0.3074	0.2908	0.3217	0.2695	0.022243403	0.26339564
54.5	64.5	77.9409194924527	29.793458355227127	0.0883	0.1042	0.1512	0.1736	0.2316	0.2772	0.2909	0.2965	0.3074	0.2908	0.3217	0.2695	0.040763523	0.26143372
55.5	64.5	77.94101173214747	29.793458355227127	0.087	0.1188	0.162	0.1854	0.1902	0.2503	0.2639	0.2884	0.282	0.2908	0.2905	0.2373	0.0036275538	0.21739131
56.5	64.5	77.94110397184224	29.793458355227127	0.087	0.0972	0.138	0.1568	0.1902	0.2503	0.2639	0.2798	0.282	0.2908	0.2905	0.2373	0.018762033	0.2817224
57.5	64.5	77.94119621153702	29.793458355227127	0.081	0.0994	0.1336	0.1606	0.1866	0.2483	0.2745	0.2766	0.2975	0.2764	0.2896	0.234	0.022960104	0.26532477
58.5	64.5	77.9412884512318	29.793458355227127	0.081	0.0994	0.1336	0.1606	0.1866	0.2483	0.2745	0.2766	0.2975	0.2764	0.2896	0.234	0.022960104	0.26532477
59.5	64.5	77.94138069092658	29.793458355227127	0.081	0.0986	0.142	0.1594	0.1866	0.2483	0.2745	0.2694	0.2975	0.2764	0.2896	0.234	0.036135983	0.25652984
60.5	64.5	77.94147293062134	29.793458355227127	0.0735	0.1011	0.1488	0.172	0.1981	0.2644	0.284	0.2894	0.3065	0.2764	0.3053	0.2521	0.026736146	0.254443
61.5	64.5	77.94156517031612	29.793458355227127	0.0735	0.0976	0.1478	0.1742	0.1981	0.2644	0.284	0.3002	0.3065	0.2764	0.3053	0.2521	0.008422811	0.26559862
62.5	64.5	77.9416574100109	29.793458355227127	0.0651	0.1096	0.1548	0.1844	0.1911	0.2629	0.2855	0.3012	0.2992	0.2764	0.2996	0.2478	-0.0026631113	0.24052717
55.5	65.5	77.94101173214747	29.79336611553235	0.0935	0.1478	0.195	0.228	0.2694	0.3002	0.3099	0.3113	0.3248	0.3234	0.351	0.3103	0.059942625	0.1544595
56.5	65.5	77.94110397184224	29.79336611553235	0.0935	0.1274	0.1744	0.2086	0.2694	0.3002	0.3099	0.2996	0.3248	0.3234	0.351	0.3103	0.079004005	0.17906336
57.5	65.5	77.94119621153702	29.79336611553235	0.0861	0.1256	0.1682	0.2014	0.2426	0.2822	0.3007	0.2856	0.3112	0.3085	0.3378	0.2934	0.08373434	0.1728953
58.5	65.5	77.9412884512318	29.79336611553235	0.0861	0.1312	0.168	0.2032	0.2426	0.2822	0.3007	0.2817	0.3112	0.3085	0.3378	0.2934	0.09055692	0.16188903
59.5	65.5	77.94138069092658	29.79336611553235	0.0861	0.1312	0.168	0.2032	0.2426	0.2822	0.3007	0.2817	0.3112	0.3085	0.3378	0.2934	0.09055692	0.16188903
60.5	65.5	77.94147293062134	29.79336611553235	0.0776	0.124	0.1566	0.1816	0.2324	0.2723	0.2937	0.2863	0.3031	0.3085	0.3229	0.2734	0.06007878	0.22376576
61.5	65.5	77.94156517031612	29.79336611553235	0.0776	0.0896	0.1244	0.1488	0.2324	0.2723	0.2937	0.2858	0.3031	0.3085	0.3229	0.2734	0.06094954	0.31523243
56.5	66.5	77.94110397184224	29.793273875837574	0.0935	0.1654	0.2096	0.2514	0.2694	0.3002	0.3099	0.3156	0.3248	0.3234	0.351	0.3103	0.053105313	0.11322754
57.5	66.5	77.94119621153702	29.793273875837574	0.0861	0.1402	0.1964	0.2332	0.2426	0.2822	0.3007	0.3132	0.3112	0.3085	0.3378	0.2934	0.03778802	0.14641288
58.5	66.5	77.9412884512318	29.793273875837574	0.0861	0.123	0.1664	0.1932	0.2426	0.2822	0.3007	0.2941	0.3112	0.3085	0.3378	0.2934	0.06915653	0.20705926
59.5	66.5	77.94138069092658	29.793273875837574	0.0861	0.123	0.1664	0.1932	0.2426	0.2822	0.3007	0.2941	0.3112	0.3085	0.3378	0.2934	0.06915653	0.20705926
57.5	67.5	77.94119621153702	29.793181636142798	0.0889	0.1366	0.1882	0.2286	0.2371	0.2816	0.3069	0.31	0.3034	0.3085	0.3369	0.2909	0.041582923	0.15113258
58.5	67.5	77.9412884512318	29.793181636142798	0.0889	0.1056	0.147	0.1734	0.2371	0.2816	0.3069	0.2885	0.3034	0.3085	0.3369	0.2909	0.07739045	0.24918815
65.5	80.5	77.94193412909523	29.791982520110704	0.0457	0.0492	0.0704	0.0693	0.1259	0.2221	0.259	0.2648	0.2761	0.2857	0.2126	0.1273	-0.10934231	0.5851541
66.5	80.5	77.94202636879001	29.791982520110704	0.0387	0.0475	0.0752	0.068	0.1283	0.2392	0.2661	0.2842	0.2905	0.2857	0.2204	0.134	-0.12643678	0.6138558
64.5	81.5	77.94184188940045	29.791890280415927	0.0449	0.0482	0.0732	0.0698	0.1294	0.2388	0.2727	0.27	0.2899	0.2857	0.2168	0.1293	-0.10928514	0.5891701
65.5	81.5	77.94193412909523	29.791890280415927	0.0449	0.047	0.0754	0.0737	0.1294	0.2388	0.2727	0.2758	0.2899	0.2857	0.2168	0.1293	-0.119772606	0.57825464
66.5	81.5	77.94202636879001	29.791890280415927	0.0379	0.0475	0.0728	0.0659	0.1316	0.2576	0.2887	0.2902	0.3193	0.2857	0.2178	0.1314	-0.14251967	0.62987924
67.5	81.5	77.94211860848479	29.791890280415927	0.0379	0.0457	0.0756	0.0633	0.1316	0.2576	0.2887	0.2894	0.3193	0.2857	0.2178	0.1314	-0.1411672	0.64105475
63.5	82.5	77.94174964970568	29.79179804072115	0.0558	0.0434	0.0689	0.0644	0.1125	0.2503	0.2915	0.2868	0.3118	0.2928	0.1988	0.1166	-0.18121912	0.6332574
64.5	82.5	77.94184188940045	29.79179804072115	0.0449	0.0492	0.0756	0.0768	0.1294	0.2388	0.2727	0.2648	0.2899	0.2857	0.2168	0.1293	-0.09966779	0.55035126
65.5	82.5	77.94193412909523	29.79179804072115	0.0449	0.0483	0.0768	0.075	0.1294	0.2388	0.2727	0.2799	0.2899	0.2857	0.2168	0.1293	-0.12703846	0.5773457
66.5	82.5	77.94202636879001	29.79179804072115	0.0379	0.0427	0.0749	0.0611	0.1316	0.2576	0.2887	0.3008	0.3193	0.2857	0.2178	0.1314	-0.16004626	0.66233766
67.5	82.5	77.94211860848479	29.79179804072115	0.0379	0.044	0.0752	0.0568	0.1316	0.2576	0.2887	0.3156	0.3193	0.2857	0.2178	0.1314	-0.18335208	0.69495165
63.5	83.5	77.94174964970568	29.791705801026374	0.0556	0.0459	0.0728	0.0692	0.125	0.251	0.2954	0.2836	0.3177	0.2961	0.2101	0.1307	-0.14887585	0.60770977
64.5	83.5	77.94184188940045	29.791705801026374	0.0447	0.0526	0.0802	0.0822	0.1332	0.2412	0.2657	0.2648	0.2935	0.2986	0.223	0.1364	-0.08569087	0.5262248
65.5	83.5	77.94193412909523	29.791705801026374	0.0447	0.0472	0.0812	0.0734	0.1332	0.2412	0.2657	0.28	0.2935	0.2986	0.223	0.1364	-0.11332007	0.5846067
66.5	83.5	77.94202636879001	29.791705801026374	0.0374	0.0448	0.0803	0.0698	0.1369	0.2478	0.2826	0.293	0.3135	0.2986	0.2242	0.1395	-0.133024	0.615215
67.5	83.5	77.94211860848479	29.791705801026374	0.0374	0.0474	0.0813	0.0668	0.1369	0.2478	0.2826	0.3034	0.3135	0.2986	0.2242	0.1395	-0.15011375	0.639114
68.5	83.5	77.94221084817956	29.791705801026374	0.037	0.0436	0.0794	0.067	0.1357	0.2564	0.2941	0.2976	0.3144	0.2986	0.2303	0.1381	-0.12748627	0.63247395
63.5	84.5	77.94174964970568	29.791613561331598	0.0556	0.0472	0.0775	0.0688	0.125	0.251	0.2954	0.2934	0.3177	0.2961	0.2101	0.1307	-0.1654419	0.62009937
64.5	84.5	77.94184188940045	29.791613561331598	0.0447	0.0528	0.0734	0.0764	0.1332	0.2412	0.2657	0.263	0.2935	0.2986	0.223	0.1364	-0.08230454	0.5497938
65.5	84.5	77.94193412909523	29.791613561331598	0.0447	0.0472	0.0747	0.0738	0.1332	0.2412	0.2657	0.2744	0.2935	0.2986	0.223	0.1364	-0.10333733	0.5761057
66.5	84.5	77.94202636879001	29.791613561331598	0.0374	0.0424	0.0763	0.0736	0.1369	0.2478	0.2826	0.2764	0.3135	0.2986	0.2242	0.1395	-0.10427488	0.57942855
67.5	84.5	77.94211860848479	29.791613561331598	0.0374	0.0465	0.0767	0.0722	0.1369	0.2478	0.2826	0.2776	0.3135	0.2986	0.2242	0.1395	-0.10641689	0.58719265
68.5	84.5	77.94221084817956	29.791613561331598	0.037	0.0474	0.0795	0.0683	0.1357	0.2564	0.2941	0.2889	0.3144	0.2986	0.2303	0.1381	-0.11286594	0.6175812
69.5	84.5	77.94230308787434	29.791613561331598	0.037	0.0479	0.081	0.0668	0.1357	0.2564	0.2941	0.2924	0.3144	0.2986	0.2303	0.1381	-0.11880621	0.62806237
64.5	85.5	77.94184188940045	29.79152132163682	0.0443	0.0464	0.0742	0.0718	0.1314	0.2334	0.2571	0.2662	0.2823	0.2986	0.2226	0.138	-0.08919805	0.5751479
65.5	85.5	77.94193412909523	29.79152132163682	0.0443	0.0498	0.0754	0.0728	0.1314	0.2334	0.2571	0.2706	0.2823	0.2986	0.2226	0.138	-0.09732359	0.5760046
66.5	85.5	77.94202636879001	29.79152132163682	0.0375	0.0482	0.0776	0.0744	0.1373	0.2456	0.2724	0.2676	0.2947	0.2986	0.2344	0.1482	-0.06613545	0.56491226
67.5	85.5	77.94211860848479	29.79152132163682	0.0375	0.0489	0.0808	0.0778	0.1373	0.2456	0.2724	0.279	0.2947	0.2986	0.2344	0.1482	-0.08687185	0.56390136
68.5	85.5	77.94221084817956	29.79152132163682	0.0373	0.0479	0.083	0.0744	0.1361	0.2524	0.2898	0.2865	0.3138	0.2986	0.2522	0.159	-0.0636718	0.58769745
69.5	85.5	77.94230308787434	29.79152132163682	0.0373	0.0526	0.088	0.0738	0.1361	0.2524	0.2898	0.2981	0.3138	0.2986	0.2522	0.159	-0.083409026	0.60311913
70.5	85.5	77.94239532756912	29.79152132163682	0.041	0.0496	0.0821	0.0714	0.1339	0.2431	0.2766	0.2966	0.3052	0.3019	0.2532	0.158	-0.07893783	0.61195654
64.5	86.5	77.94184188940045	29.791429081942045	0.0443	0.0468	0.0728	0.0776	0.1314	0.2334	0.2571	0.2654	0.2823	0.2986	0.2226	0.138	-0.08770491	0.5475218
65.5	86.5	77.94193412909523	29.791429081942045	0.0443	0.05	0.0764	0.0778	0.1314	0.2334	0.2571	0.2648	0.2823	0.2986	0.2226	0.138	-0.08658189	0.5458261
66.5	86.5	77.94202636879001	29.791429081942045	0.0375	0.051	0.0776	0.0762	0.1373	0.2456	0.2724	0.2646	0.2947	0.2986	0.2344	0.1482	-0.06052105	0.5528169
67.5	86.5	77.94211860848479	29.791429081942045	0.0375	0.0538	0.0878	0.0816	0.1373	0.2456	0.2724	0.2799	0.2947	0.2986	0.2344	0.1482	-0.08846978	0.54854774
68.5	86.5	77.94221084817956	29.791429081942045	0.0373	0.0501	0.088	0.0766	0.1361	0.2524	0.2898	0.2971	0.3138	0.2986	0.2522	0.159	-0.081740394	0.5900455
69.5	86.5	77.94230308787434	29.791429081942045	0.0373	0.053	0.0846	0.08	0.1361	0.2524	0.2898	0.2873	0.3138	0.2986	0.2522	0.159	-0.06506021	0.56438875
64.5	87.5	77.94184188940045	29.79133684224727	0.0432	0.0462	0.0717	0.0756	0.127	0.2259	0.255	0.2546	0.2768	0.2986	0.2185	0.1348	-0.07630519	0.5420957
65.5	87.5	77.94193412909523	29.79133684224727	0.0432	0.0465	0.074	0.0747	0.127	0.2259	0.255	0.253	0.2768	0.2986	0.2185	0.1348	-0.07317071	0.5440952
66.5	87.5	77.94202636879001	29.79133684224727	0.0381	0.0452	0.0713	0.072	0.1317	0.2264	0.2542	0.2584	0.284	0.2986	0.236	0.1509	-0.045307428	0.56416464
67.5	87.5	77.94211860848479	29.79133684224727	0.0381	0.0534	0.084	0.0812	0.1317	0.2264	0.2542	0.2712	0.284	0.2986	0.236	0.1509	-0.06940063	0.53916
68.5	87.5	77.94221084817956	29.79133684224727	0.0385	0.0491	0.085	0.0792	0.1372	0.2468	0.272	0.2962	0.2997	0.2986	0.2644	0.1714	-0.05672494	0.5780501
69.5	87.5	77.94230308787434	29.79133684224727	0.0385	0.0516	0.0792	0.0798	0.1372	0.2468	0.272	0.2778	0.2997	0.2986	0.2644	0.1714	-0.024714107	0.55369127
64.5	88.5	77.94184188940045	29.791244602552492	0.0432	0.0478	0.0724	0.0736	0.127	0.2259	0.255	0.2624	0.2768	0.2986	0.2185	0.1348	-0.091287166	0.5619047
65.5	88.5	77.94193412909523	29.791244602552492	0.0432	0.0488	0.0744	0.0754	0.127	0.2259	0.255	0.2507	0.2768	0.2986	0.2185	0.1348	-0.06862744	0.5375652
66.5	88.5	77.94202636879001	29.791244602552492	0.0381	0.0455	0.0722	0.072	0.1317	0.2264	0.2542	0.2518	0.284	0.2986	0.236	0.1509	-0.032390323	0.55528104
67.5	88.5	77.94211860848479	29.791244602552492	0.0381	0.049	0.0802	0.078	0.1317	0.2264	0.2542	0.2513	0.284	0.2986	0.236	0.1509	-0.031397507	0.5262678
68.5	88.5	77.94221084817956	29.791244602552492	0.0385	0.0534	0.087	0.0865	0.1372	0.2468	0.272	0.2724	0.2997	0.2986	0.2644	0.1714	-0.014903105	0.5179716
64.5	89.5	77.94184188940045	29.791152362857716	0.0422	0.0455	0.0739	0.073	0.1257	0.229	0.2593	0.2666	0.2768	0.2909	0.2223	0.1383	-0.090611614	0.5700825
65.5	89.5	77.94193412909523	29.791152362857716	0.0422	0.0477	0.0744	0.0752	0.1257	0.229	0.2593	0.2589	0.2768	0.2909	0.2223	0.1383	-0.07605984	0.5498354
66.5	89.5	77.94202636879001	29.791152362857716	0.0387	0.0469	0.0768	0.0714	0.1269	0.2317	0.2564	0.261	0.2827	0.2909	0.2295	0.146	-0.064220205	0.57039714
67.5	89.5	77.94211860848479	29.791152362857716	0.0387	0.0456	0.0781	0.0736	0.1269	0.2317	0.2564	0.2508	0.2827	0.2909	0.2295	0.146	-0.04434732	0.5462392
68.5	89.5	77.94221084817956	29.791152362857716	0.0399	0.0513	0.086	0.0819	0.135	0.2404	0.2657	0.2648	0.2952	0.2909	0.2521	0.163	-0.02456959	0.52754545
64.5	90.5	77.94184188940045	29.79106012316294	0.0422	0.0478	0.0761	0.0719	0.1257	0.229	0.2593	0.2646	0.2768	0.2909	0.2223	0.1383	-0.086876184	0.57265973
65.5	90.5	77.94193412909523	29.79106012316294	0.0422	0.0478	0.0761	0.0719	0.1257	0.229	0.2593	0.2646	0.2768	0.2909	0.2223	0.1383	-0.086876184	0.57265973
66.5	90.5	77.94202636879001	29.79106012316294	0.0387	0.0468	0.076	0.07	0.1269	0.2317	0.2564	0.2722	0.2827	0.2909	0.2295	0.146	-0.08511061	0.5908825
67.5	90.5	77.94211860848479	29.79106012316294	0.0387	0.0451	0.0778	0.0701	0.1269	0.2317	0.2564	0.269	0.2827	0.2909	0.2295	0.146	-0.079237714	0.5865526
64.5	91.5	77.94184188940045	29.790967883468163	0.0418	0.0495	0.0811	0.0739	0.1294	0.2294	0.2534	0.2613	0.2814	0.2909	0.2258	0.1429	-0.07288032	0.5590692
65.5	91.5	77.94193412909523	29.790967883468163	0.0418	0.0495	0.0811	0.0739	0.1294	0.2294	0.2534	0.2613	0.2814	0.2909	0.2258	0.1429	-0.07288032	0.5590692
66.5	91.5	77.94202636879001	29.790967883468163	0.0396	0.0478	0.0806	0.0734	0.1291	0.235	0.2645	0.2746	0.2952	0.2909	0.2308	0.1457	-0.08666402	0.57816094
67.5	91.5	77.94211860848479	29.790967883468163	0.0396	0.0457	0.0794	0.0695	0.1291	0.235	0.2645	0.2792	0.2952	0.2909	0.2308	0.1457	-0.094901934	0.60137653
64.5	92.5	77.94184188940045	29.790875643773386	0.0418	0.0484	0.0764	0.0738	0.1294	0.2294	0.2534	0.2623	0.2814	0.2909	0.2258	0.1429	-0.0747798	0.560845
65.5	92.5	77.94193412909523	29.790875643773386	0.0418	0.0484	0.0764	0.0738	0.1294	0.2294	0.2534	0.2623	0.2814	0.2909	0.2258	0.1429	-0.0747798	0.560845
66.5	92.5	77.94202636879001	29.790875643773386	0.0396	0.0482	0.0806	0.0778	0.1291	0.235	0.2645	0.2647	0.2952	0.2909	0.2308	0.1457	-0.068415724	0.54569346
65.5	93.5	77.94193412909523	29.79078340407861	0.0427	0.0478	0.076	0.0726	0.1252	0.2302	0.2671	0.2632	0.2828	0.2909	0.2232	0.1414	-0.082236886	0.5675998
65.5	94.5	77.94193412909523	29.790691164383833	0.0408	0.0479	0.0787	0.0733	0.1232	0.2351	0.2647	0.2617	0.2853	0.2909	0.2236	0.1401	-0.078508146	0.56238806
56.5	100.5	77.94110397184224	29.790137726215175	0.0524	0.0676	0.104	0.1272	0.1648	0.2559	0.2817	0.285	0.3032	0.2991	0.2956	0.2153	0.018256977	0.38282385
57.5	100.5	77.94119621153702	29.790137726215175	0.0524	0.0589	0.0946	0.1028	0.1648	0.2559	0.2817	0.291	0.3032	0.2991	0.2956	0.2153	0.007841781	0.4779076
58.5	100.5	77.9412884512318	29.790137726215175	0.0524	0.0589	0.0946	0.1028	0.1648	0.2559	0.2817	0.291	0.3032	0.2991	0.2956	0.2153	0.007841781	0.4779076
59.5	100.5	77.94138069092658	29.790137726215175	0.0536	0.0524	0.0881	0.0866	0.1438	0.25	0.2819	0.2962	0.3004	0.2991	0.2742	0.1868	-0.03856945	0.5475444
60.5	100.5	77.94147293062134	29.790137726215175	0.0536	0.0472	0.0755	0.0762	0.1438	0.25	0.2819	0.2812	0.3004	0.2991	0.2742	0.1868	-0.012603528	0.573587
57.5	101.5	77.94119621153702	29.7900454865204	0.0524	0.0622	0.0973	0.1086	0.1648	0.2559	0.2817	0.2916	0.3032	0.2991	0.2956	0.2153	0.006812003	0.45727137
58.5	101.5	77.9412884512318	29.7900454865204	0.0524	0.0622	0.0973	0.1086	0.1648	0.2559	0.2817	0.2916	0.3032	0.2991	0.2956	0.2153	0.006812003	0.45727137
59.5	101.5	77.94138069092658	29.7900454865204	0.0536	0.0623	0.0938	0.0964	0.1438	0.25	0.2819	0.2953	0.3004	0.2991	0.2742	0.1868	-0.03705007	0.5077866
60.5	101.5	77.94147293062134	29.7900454865204	0.0536	0.0582	0.0894	0.0866	0.1438	0.25	0.2819	0.2835	0.3004	0.2991	0.2742	0.1868	-0.016675621	0.53201836
61.5	101.5	77.94156517031612	29.7900454865204	0.0531	0.0554	0.0922	0.0986	0.1492	0.2404	0.2692	0.2758	0.294	0.2991	0.2825	0.2028	0.012000733	0.4732906
62.5	101.5	77.9416574100109	29.7900454865204	0.0531	0.0596	0.0948	0.1064	0.1492	0.2404	0.2692	0.2753	0.294	0.2991	0.2825	0.2028	0.012907857	0.4424941
