Pixel-X	Pixel-Y	Longitude	Latitude	B1	B2	B3	B4	B5	B6	B7	B8	B8A	B9	B11	B12	NDBI	NDVI
60.5	2.5	77.94147293062134	29.799177216303267	0.0723	0.0645	0.0791	0.0635	0.1048	0.2275	0.2646	0.2475	0.2768	0.2557	0.1746	0.0986	-0.17270789	0.5916399
59.5	3.5	77.94138069092658	29.79908497660849	0.0723	0.0657	0.08	0.0628	0.0988	0.2305	0.2751	0.2864	0.2988	0.2557	0.1641	0.0836	-0.2714761	0.6403207
60.5	3.5	77.94147293062134	29.79908497660849	0.0723	0.0634	0.0781	0.0628	0.0988	0.2305	0.2751	0.2604	0.2988	0.2557	0.1641	0.0836	-0.2268551	0.6113861
61.5	3.5	77.94156517031612	29.79908497660849	0.0723	0.0623	0.0789	0.0625	0.0981	0.204	0.2386	0.2598	0.2549	0.2557	0.153	0.0825	-0.2587209	0.6121626
58.5	4.5	77.9412884512318	29.798992736913714	0.0678	0.0644	0.0796	0.0604	0.1048	0.2168	0.2552	0.2666	0.2763	0.2541	0.1778	0.1047	-0.19982001	0.630581
59.5	4.5	77.94138069092658	29.798992736913714	0.0723	0.0623	0.0801	0.0597	0.0988	0.2305	0.2751	0.2592	0.2988	0.2557	0.1641	0.0836	-0.22466335	0.62558794
60.5	4.5	77.94147293062134	29.798992736913714	0.0723	0.0629	0.0796	0.063	0.0988	0.2305	0.2751	0.2676	0.2988	0.2557	0.1641	0.0836	-0.2397498	0.6188748
61.5	4.5	77.94156517031612	29.798992736913714	0.0723	0.0622	0.0806	0.06	0.0981	0.204	0.2386	0.268	0.2549	0.2557	0.153	0.0825	-0.27315918	0.63414633
62.5	4.5	77.9416574100109	29.798992736913714	0.0723	0.0622	0.0806	0.06	0.0981	0.204	0.2386	0.268	0.2549	0.2557	0.153	0.0825	-0.27315918	0.63414633
57.5	5.5	77.94119621153702	29.798900497218938	0.0678	0.0616	0.0809	0.0647	0.1	0.2251	0.2668	0.2698	0.2865	0.2541	0.1641	0.086	-0.24360451	0.613154
58.5	5.5	77.9412884512318	29.798900497218938	0.0678	0.0599	0.0772	0.0584	0.1	0.2251	0.2668	0.2602	0.2865	0.2541	0.1641	0.086	-0.22649066	0.6333961
59.5	5.5	77.94138069092658	29.798900497218938	0.0723	0.0618	0.0808	0.0593	0.0981	0.242	0.2874	0.2868	0.304	0.2557	0.1658	0.0833	-0.2673442	0.65732443
60.5	5.5	77.94147293062134	29.798900497218938	0.0723	0.0629	0.0808	0.0608	0.0981	0.242	0.2874	0.277	0.304	0.2557	0.1658	0.0833	-0.25112918	0.6400237
61.5	5.5	77.94156517031612	29.798900497218938	0.0723	0.0634	0.0802	0.0604	0.0919	0.2018	0.2369	0.251	0.2556	0.2557	0.1479	0.0807	-0.25846073	0.6120745
62.5	5.5	77.9416574100109	29.798900497218938	0.0723	0.0642	0.0753	0.0595	0.0919	0.2018	0.2369	0.2043	0.2556	0.2557	0.1479	0.0807	-0.16013628	0.54890066
56.5	6.5	77.94110397184224	29.79880825752416	0.0678	0.0655	0.0786	0.0641	0.1088	0.2079	0.2421	0.2442	0.246	0.2541	0.1731	0.1056	-0.17038105	0.5841713
57.5	6.5	77.94119621153702	29.79880825752416	0.0678	0.0644	0.08	0.0616	0.1	0.2251	0.2668	0.2678	0.2865	0.2541	0.1641	0.086	-0.24010186	0.62598664
58.5	6.5	77.9412884512318	29.79880825752416	0.0678	0.0637	0.0761	0.0606	0.1	0.2251	0.2668	0.2786	0.2865	0.2541	0.1641	0.086	-0.25864017	0.6426887
59.5	6.5	77.94138069092658	29.79880825752416	0.0723	0.064	0.0808	0.0618	0.0981	0.242	0.2874	0.3038	0.304	0.2557	0.1658	0.0833	-0.29386708	0.6619256
60.5	6.5	77.94147293062134	29.79880825752416	0.0723	0.0634	0.0796	0.0613	0.0981	0.242	0.2874	0.2964	0.304	0.2557	0.1658	0.0833	-0.28256166	0.6572547
61.5	6.5	77.94156517031612	29.79880825752416	0.0723	0.0641	0.0806	0.0623	0.0919	0.2018	0.2369	0.2544	0.2556	0.2557	0.1479	0.0807	-0.26472783	0.60656774
55.5	7.5	77.94101173214747	29.798716017829385	0.0691	0.0634	0.0815	0.0624	0.0982	0.2231	0.2652	0.2657	0.2746	0.2868	0.1522	0.0767	-0.2715961	0.6196282
56.5	7.5	77.94110397184224	29.798716017829385	0.0691	0.0634	0.0799	0.0635	0.0982	0.2231	0.2652	0.2845	0.2746	0.2868	0.1522	0.0767	-0.302954	0.63505745
57.5	7.5	77.94119621153702	29.798716017829385	0.0691	0.0637	0.0795	0.0593	0.1008	0.2424	0.2834	0.27	0.2995	0.2868	0.162	0.0804	-0.25000003	0.6398421
58.5	7.5	77.9412884512318	29.798716017829385	0.0691	0.0648	0.0781	0.0616	0.1008	0.2424	0.2834	0.2746	0.2995	0.2868	0.162	0.0804	-0.25790197	0.6335515
59.5	7.5	77.94138069092658	29.798716017829385	0.0828	0.0666	0.0781	0.0616	0.106	0.2311	0.2715	0.2802	0.2944	0.252	0.1614	0.0863	-0.26902172	0.6395553
60.5	7.5	77.94147293062134	29.798716017829385	0.0828	0.0641	0.0802	0.0614	0.106	0.2311	0.2715	0.2966	0.2944	0.252	0.1614	0.0863	-0.2951965	0.65698326
15.5	8.5	77.93732214435641	29.79862377813461	0.0826	0.0833	0.1013	0.0827	0.1175	0.2224	0.2576	0.2552	0.2724	0.272	0.1654	0.086	-0.21350452	0.5105061
16.5	8.5	77.93741438405118	29.79862377813461	0.0826	0.0819	0.0974	0.0825	0.1179	0.2212	0.2544	0.2526	0.2744	0.272	0.1611	0.087	-0.22117479	0.50760967
17.5	8.5	77.93750662374596	29.79862377813461	0.0826	0.0819	0.0974	0.0825	0.1179	0.2212	0.2544	0.2526	0.2744	0.272	0.1611	0.087	-0.22117479	0.50760967
54.5	8.5	77.9409194924527	29.79862377813461	0.0691	0.0673	0.0841	0.0655	0.1049	0.225	0.2615	0.2526	0.2754	0.2868	0.1634	0.0886	-0.21442312	0.5881798
55.5	8.5	77.94101173214747	29.79862377813461	0.0691	0.062	0.0816	0.0621	0.1021	0.2379	0.2765	0.2832	0.2968	0.2868	0.1584	0.0794	-0.2826087	0.6403128
56.5	8.5	77.94110397184224	29.79862377813461	0.0691	0.0636	0.0808	0.0622	0.1021	0.2379	0.2765	0.2836	0.2968	0.2868	0.1584	0.0794	-0.28325793	0.6402545
57.5	8.5	77.94119621153702	29.79862377813461	0.0691	0.0634	0.0783	0.0611	0.1003	0.2296	0.2685	0.2736	0.2907	0.2868	0.1599	0.0787	-0.26228377	0.63489693
58.5	8.5	77.9412884512318	29.79862377813461	0.0691	0.0648	0.0815	0.0619	0.1008	0.2424	0.2834	0.2902	0.2995	0.2868	0.162	0.0804	-0.28350288	0.64839536
59.5	8.5	77.94138069092658	29.79862377813461	0.0828	0.0653	0.0781	0.0591	0.106	0.2311	0.2715	0.2664	0.2944	0.252	0.1614	0.0863	-0.2454418	0.6368664
11.5	9.5	77.93695318557731	29.798531538439832	0.0829	0.0819	0.1001	0.0836	0.1187	0.2203	0.2503	0.2453	0.2682	0.276	0.1635	0.0866	-0.20009784	0.49163878
12.5	9.5	77.93704542527207	29.798531538439832	0.0826	0.0843	0.1007	0.085	0.1202	0.2185	0.254	0.2423	0.274	0.272	0.1646	0.0898	-0.19095601	0.48059884
13.5	9.5	77.93713766496685	29.798531538439832	0.0826	0.0838	0.1007	0.0877	0.1202	0.2185	0.254	0.2519	0.274	0.272	0.1646	0.0898	-0.20960382	0.48351
14.5	9.5	77.93722990466163	29.798531538439832	0.0826	0.0853	0.1004	0.0865	0.1206	0.2221	0.2591	0.2599	0.2806	0.272	0.1668	0.0927	-0.21818607	0.5005774
15.5	9.5	77.93732214435641	29.798531538439832	0.0826	0.0844	0.0974	0.0827	0.1175	0.2224	0.2576	0.259	0.2724	0.272	0.1654	0.086	-0.22054666	0.51594967
16.5	9.5	77.93741438405118	29.798531538439832	0.0826	0.0836	0.099	0.0836	0.1179	0.2212	0.2544	0.2598	0.2744	0.272	0.1611	0.087	-0.23449749	0.51310426
17.5	9.5	77.93750662374596	29.798531538439832	0.0826	0.0836	0.099	0.0836	0.1179	0.2212	0.2544	0.2598	0.2744	0.272	0.1611	0.087	-0.23449749	0.51310426
53.5	9.5	77.94082725275791	29.798531538439832	0.0691	0.0645	0.0819	0.0634	0.1049	0.225	0.2615	0.2691	0.2754	0.2868	0.1634	0.0886	-0.2443931	0.6186466
54.5	9.5	77.9409194924527	29.798531538439832	0.0691	0.0645	0.0819	0.0634	0.1049	0.225	0.2615	0.2691	0.2754	0.2868	0.1634	0.0886	-0.2443931	0.6186466
55.5	9.5	77.94101173214747	29.798531538439832	0.0691	0.063	0.081	0.0586	0.1021	0.2379	0.2765	0.2735	0.2968	0.2868	0.1584	0.0794	-0.26649687	0.64709425
56.5	9.5	77.94110397184224	29.798531538439832	0.0691	0.0651	0.0819	0.0637	0.1021	0.2379	0.2765	0.2875	0.2968	0.2868	0.1584	0.0794	-0.2895268	0.63724375
57.5	9.5	77.94119621153702	29.798531538439832	0.0691	0.0657	0.0798	0.062	0.1003	0.2296	0.2685	0.2812	0.2907	0.2868	0.1599	0.0787	-0.27499434	0.63869464
58.5	9.5	77.9412884512318	29.798531538439832	0.0691	0.0648	0.0805	0.062	0.1003	0.2296	0.2685	0.2558	0.2907	0.2868	0.1599	0.0787	-0.23069525	0.6098175
6.5	10.5	77.93649198710342	29.798439298745055	0.0829	0.084	0.0977	0.0824	0.1209	0.224	0.2598	0.2591	0.2799	0.276	0.1613	0.0817	-0.23263556	0.5174231
7.5	10.5	77.9365842267982	29.798439298745055	0.0829	0.084	0.0984	0.0832	0.1195	0.2213	0.2578	0.2569	0.2728	0.276	0.1614	0.0838	-0.22830506	0.5107322
8.5	10.5	77.93667646649297	29.798439298745055	0.0829	0.084	0.0984	0.0832	0.1195	0.2213	0.2578	0.2569	0.2728	0.276	0.1614	0.0838	-0.22830506	0.5107322
9.5	10.5	77.93676870618775	29.798439298745055	0.0829	0.0847	0.1008	0.0835	0.1195	0.2213	0.2578	0.2569	0.2728	0.276	0.1614	0.0838	-0.22830506	0.5094007
10.5	10.5	77.93686094588253	29.798439298745055	0.0829	0.08	0.0998	0.0835	0.1187	0.2203	0.2503	0.253	0.2682	0.276	0.1635	0.0866	-0.21488595	0.5037147
11.5	10.5	77.93695318557731	29.798439298745055	0.0829	0.0833	0.0977	0.0805	0.1187	0.2203	0.2503	0.2583	0.2682	0.276	0.1635	0.0866	-0.22475109	0.5247934
12.5	10.5	77.93704542527207	29.798439298745055	0.0826	0.0812	0.0983	0.081	0.1202	0.2185	0.254	0.2564	0.274	0.272	0.1646	0.0898	-0.21805224	0.5198577
13.5	10.5	77.93713766496685	29.798439298745055	0.0826	0.0813	0.1016	0.0862	0.1202	0.2185	0.254	0.2547	0.274	0.272	0.1646	0.0898	-0.21488196	0.49427986
14.5	10.5	77.93722990466163	29.798439298745055	0.0826	0.0871	0.1042	0.0884	0.1206	0.2221	0.2591	0.2565	0.2806	0.272	0.1668	0.0927	-0.21190643	0.48738766
15.5	10.5	77.93732214435641	29.798439298745055	0.0826	0.0855	0.1044	0.0885	0.1206	0.2221	0.2591	0.2636	0.2806	0.272	0.1668	0.0927	-0.22490703	0.49730188
16.5	10.5	77.93741438405118	29.798439298745055	0.0826	0.0841	0.1015	0.0834	0.1203	0.2302	0.2732	0.2664	0.2897	0.272	0.166	0.0887	-0.23219244	0.5231561
17.5	10.5	77.93750662374596	29.798439298745055	0.0826	0.0841	0.1015	0.0834	0.1203	0.2302	0.2732	0.2664	0.2897	0.272	0.166	0.0887	-0.23219244	0.5231561
52.5	10.5	77.94073501306313	29.798439298745055	0.0691	0.0649	0.0792	0.065	0.1019	0.2346	0.2745	0.2567	0.2989	0.2868	0.1696	0.0864	-0.20431624	0.59589684
53.5	10.5	77.94082725275791	29.798439298745055	0.0691	0.0655	0.0796	0.0638	0.1019	0.2346	0.2745	0.2701	0.2989	0.2868	0.1696	0.0864	-0.22856493	0.61784965
54.5	10.5	77.9409194924527	29.798439298745055	0.0691	0.0655	0.0796	0.0638	0.1019	0.2346	0.2745	0.2701	0.2989	0.2868	0.1696	0.0864	-0.22856493	0.61784965
55.5	10.5	77.94101173214747	29.798439298745055	0.0691	0.0648	0.0796	0.0615	0.0997	0.2423	0.2924	0.275	0.304	0.2868	0.1667	0.0808	-0.24518904	0.6344725
56.5	10.5	77.94110397184224	29.798439298745055	0.0691	0.0624	0.0791	0.0617	0.0997	0.2423	0.2924	0.2766	0.304	0.2868	0.1667	0.0808	-0.24791336	0.635235
57.5	10.5	77.94119621153702	29.798439298745055	0.0691	0.0657	0.0775	0.0615	0.0989	0.2448	0.291	0.2674	0.3012	0.2868	0.1667	0.0805	-0.23197418	0.62602615
4.5	11.5	77.93630750771386	29.79834705905028	0.0829	0.0818	0.1001	0.0854	0.1206	0.2248	0.2608	0.2618	0.2782	0.2709	0.1634	0.084	-0.2314205	0.5080645
5.5	11.5	77.93639974740864	29.79834705905028	0.0821	0.0845	0.1014	0.0828	0.1201	0.2231	0.2554	0.2578	0.2735	0.2743	0.1625	0.0841	-0.22674285	0.5137992
6.5	11.5	77.93649198710342	29.79834705905028	0.0821	0.0847	0.0995	0.083	0.1201	0.2231	0.2554	0.2553	0.2735	0.2743	0.1625	0.0841	-0.22211583	0.50931126
7.5	11.5	77.9365842267982	29.79834705905028	0.0821	0.0818	0.0984	0.0826	0.12	0.2228	0.2611	0.2541	0.2762	0.2743	0.1612	0.0832	-0.2236937	0.5093555
8.5	11.5	77.93667646649297	29.79834705905028	0.0821	0.0818	0.0984	0.0826	0.12	0.2228	0.2611	0.2541	0.2762	0.2743	0.1612	0.0832	-0.2236937	0.5093555
9.5	11.5	77.93676870618775	29.79834705905028	0.0821	0.0836	0.1016	0.0828	0.12	0.2228	0.2611	0.254	0.2762	0.2743	0.1612	0.0832	-0.22350675	0.50831354
10.5	11.5	77.93686094588253	29.79834705905028	0.0821	0.0825	0.1019	0.0829	0.1178	0.2237	0.2592	0.2542	0.2815	0.2743	0.1592	0.0789	-0.22980167	0.50815785
11.5	11.5	77.93695318557731	29.79834705905028	0.0821	0.0808	0.1007	0.08	0.1178	0.2237	0.2592	0.2614	0.2815	0.2743	0.1592	0.0789	-0.24298625	0.53134155
12.5	11.5	77.93704542527207	29.79834705905028	0.0822	0.0832	0.0976	0.0795	0.1154	0.2283	0.2675	0.2631	0.2825	0.2811	0.1615	0.0828	-0.23928401	0.53590196
13.5	11.5	77.93713766496685	29.79834705905028	0.0822	0.0826	0.1002	0.0815	0.1154	0.2283	0.2675	0.2676	0.2825	0.2811	0.1615	0.0828	-0.24726169	0.53308505
14.5	11.5	77.93722990466163	29.79834705905028	0.0822	0.0844	0.1006	0.0865	0.1266	0.2279	0.2669	0.2664	0.2847	0.2811	0.1666	0.0926	-0.23048499	0.5097762
15.5	11.5	77.93732214435641	29.79834705905028	0.0822	0.0868	0.106	0.0921	0.1266	0.2279	0.2669	0.2622	0.2847	0.2811	0.1666	0.0926	-0.22294775	0.4801016
16.5	11.5	77.93741438405118	29.79834705905028	0.0822	0.0849	0.1028	0.0875	0.1257	0.2278	0.271	0.2644	0.2832	0.2811	0.1706	0.0958	-0.2156322	0.5026997
17.5	11.5	77.93750662374596	29.79834705905028	0.0826	0.0855	0.099	0.0843	0.1203	0.2302	0.2732	0.2843	0.2897	0.272	0.166	0.0887	-0.26271376	0.5425936
53.5	11.5	77.94082725275791	29.79834705905028	0.0691	0.0666	0.081	0.0631	0.1019	0.2346	0.2745	0.2877	0.2989	0.2868	0.1696	0.0864	-0.25825498	0.64025086
54.5	11.5	77.9409194924527	29.79834705905028	0.0691	0.0673	0.079	0.0623	0.0997	0.2423	0.2924	0.289	0.304	0.2868	0.1667	0.0808	-0.26837832	0.6453174
55.5	11.5	77.94101173214747	29.79834705905028	0.0691	0.0673	0.079	0.0623	0.0997	0.2423	0.2924	0.289	0.304	0.2868	0.1667	0.0808	-0.26837832	0.6453174
56.5	11.5	77.94110397184224	29.79834705905028	0.0691	0.0684	0.0802	0.0627	0.0997	0.2423	0.2924	0.304	0.304	0.2868	0.1667	0.0808	-0.29169318	0.65803105
57.5	11.5	77.94119621153702	29.79834705905028	0.0691	0.0668	0.0818	0.0627	0.0989	0.2448	0.291	0.3168	0.3012	0.2868	0.1667	0.0805	-0.31044465	0.6695652
4.5	12.5	77.93630750771386	29.798254819355503	0.0829	0.0854	0.0997	0.0836	0.1206	0.2248	0.2608	0.2597	0.2782	0.2709	0.1634	0.084	-0.22760579	0.5129624
5.5	12.5	77.93639974740864	29.798254819355503	0.0821	0.0844	0.1009	0.0838	0.1201	0.2231	0.2554	0.254	0.2735	0.2743	0.1625	0.0841	-0.21968791	0.50384843
6.5	12.5	77.93649198710342	29.798254819355503	0.0821	0.0837	0.1005	0.0858	0.1201	0.2231	0.2554	0.2564	0.2735	0.2743	0.1625	0.0841	-0.22415851	0.49853885
7.5	12.5	77.9365842267982	29.798254819355503	0.0821	0.0819	0.1018	0.0825	0.12	0.2228	0.2611	0.2596	0.2762	0.2743	0.1612	0.0832	-0.23384032	0.5176849
8.5	12.5	77.93667646649297	29.798254819355503	0.0821	0.0832	0.1016	0.0806	0.12	0.2228	0.2611	0.2594	0.2762	0.2743	0.1612	0.0832	-0.233476	0.52588236
9.5	12.5	77.93676870618775	29.798254819355503	0.0821	0.0832	0.1016	0.0806	0.12	0.2228	0.2611	0.2594	0.2762	0.2743	0.1612	0.0832	-0.233476	0.52588236
10.5	12.5	77.93686094588253	29.798254819355503	0.0821	0.0825	0.0976	0.08	0.1178	0.2237	0.2592	0.2611	0.2815	0.2743	0.1592	0.0789	-0.24244587	0.5309293
11.5	12.5	77.93695318557731	29.798254819355503	0.0821	0.0811	0.1013	0.08	0.1178	0.2237	0.2592	0.2653	0.2815	0.2743	0.1592	0.0789	-0.24994113	0.5366348
12.5	12.5	77.93704542527207	29.798254819355503	0.0822	0.08	0.0987	0.0796	0.1154	0.2283	0.2675	0.2706	0.2825	0.2811	0.1615	0.0828	-0.2524878	0.54540265
13.5	12.5	77.93713766496685	29.798254819355503	0.0822	0.0813	0.102	0.0805	0.1154	0.2283	0.2675	0.2732	0.2825	0.2811	0.1615	0.0828	-0.2569588	0.544812
14.5	12.5	77.93722990466163	29.798254819355503	0.0822	0.0864	0.1002	0.0827	0.1266	0.2279	0.2669	0.2707	0.2847	0.2811	0.1666	0.0926	-0.23805168	0.5319751
15.5	12.5	77.93732214435641	29.798254819355503	0.0822	0.0863	0.1014	0.0858	0.1266	0.2279	0.2669	0.2713	0.2847	0.2811	0.1666	0.0926	-0.23909566	0.51946235
16.5	12.5	77.93741438405118	29.798254819355503	0.0822	0.0876	0.1038	0.0894	0.1257	0.2278	0.271	0.2567	0.2832	0.2811	0.1706	0.0958	-0.20149781	0.4833863
17.5	12.5	77.93750662374596	29.798254819355503	0.0822	0.0888	0.1028	0.0905	0.1257	0.2278	0.271	0.2618	0.2832	0.2811	0.1706	0.0958	-0.2109158	0.48623332
53.5	12.5	77.94082725275791	29.798254819355503	0.0763	0.0693	0.081	0.0633	0.1005	0.2545	0.3073	0.3034	0.3251	0.3068	0.174	0.0839	-0.27105156	0.6547587
54.5	12.5	77.9409194924527	29.798254819355503	0.0763	0.0682	0.0806	0.0647	0.1034	0.2336	0.2766	0.2918	0.3093	0.3068	0.1676	0.0855	-0.2703526	0.63702667
55.5	12.5	77.94101173214747	29.798254819355503	0.0763	0.0682	0.0806	0.0647	0.1034	0.2336	0.2766	0.2918	0.3093	0.3068	0.1676	0.0855	-0.2703526	0.63702667
56.5	12.5	77.94110397184224	29.798254819355503	0.0763	0.0681	0.0843	0.0654	0.1034	0.2336	0.2766	0.2974	0.3093	0.3068	0.1676	0.0855	-0.27913976	0.6394708
4.5	13.5	77.93630750771386	29.798162579660726	0.0829	0.0838	0.099	0.0839	0.121	0.2207	0.2568	0.2599	0.2721	0.2709	0.1617	0.0831	-0.23292223	0.5119256
5.5	13.5	77.93639974740864	29.798162579660726	0.0821	0.0852	0.0973	0.085	0.1172	0.2169	0.2481	0.2599	0.2691	0.2743	0.156	0.0782	-0.24981967	0.5071035
6.5	13.5	77.93649198710342	29.798162579660726	0.0821	0.0832	0.0985	0.0844	0.1172	0.2169	0.2481	0.2617	0.2691	0.2743	0.156	0.0782	-0.2530524	0.5122797
7.5	13.5	77.9365842267982	29.798162579660726	0.0821	0.0843	0.1003	0.0825	0.1155	0.2248	0.2633	0.2676	0.2854	0.2743	0.1559	0.08	-0.26375443	0.5287061
8.5	13.5	77.93667646649297	29.798162579660726	0.0821	0.0836	0.0993	0.0799	0.1155	0.2248	0.2633	0.2763	0.2854	0.2743	0.1559	0.08	-0.27857476	0.5513757
9.5	13.5	77.93676870618775	29.798162579660726	0.0821	0.0836	0.0993	0.0799	0.1155	0.2248	0.2633	0.2763	0.2854	0.2743	0.1559	0.08	-0.27857476	0.5513757
10.5	13.5	77.93686094588253	29.798162579660726	0.0821	0.0814	0.0995	0.078	0.1169	0.2302	0.2745	0.2735	0.2928	0.2743	0.1582	0.0767	-0.26708362	0.55618775
11.5	13.5	77.93695318557731	29.798162579660726	0.0821	0.0824	0.0998	0.08	0.1169	0.2302	0.2745	0.273	0.2928	0.2743	0.1582	0.0767	-0.26623377	0.5467422
12.5	13.5	77.93704542527207	29.798162579660726	0.0822	0.0827	0.0987	0.0804	0.1158	0.2332	0.2719	0.2733	0.2877	0.2811	0.1584	0.0787	-0.26615703	0.54537743
13.5	13.5	77.93713766496685	29.798162579660726	0.0822	0.079	0.1005	0.0819	0.1158	0.2332	0.2719	0.2741	0.2877	0.2811	0.1584	0.0787	-0.26751447	0.53988767
14.5	13.5	77.93722990466163	29.798162579660726	0.0822	0.0831	0.1014	0.0825	0.1168	0.2333	0.2706	0.2714	0.2916	0.2811	0.1588	0.0841	-0.26173872	0.53376657
15.5	13.5	77.93732214435641	29.798162579660726	0.0822	0.0848	0.1006	0.081	0.1168	0.2333	0.2706	0.2707	0.2916	0.2811	0.1588	0.0841	-0.2605355	0.53938013
16.5	13.5	77.93741438405118	29.798162579660726	0.0822	0.0831	0.102	0.0848	0.1209	0.224	0.2589	0.2663	0.2788	0.2811	0.166	0.094	-0.2320148	0.51694673
17.5	13.5	77.93750662374596	29.798162579660726	0.0822	0.0865	0.1044	0.0906	0.1209	0.224	0.2589	0.2563	0.2788	0.2811	0.166	0.094	-0.21382906	0.47765929
53.5	13.5	77.94082725275791	29.798162579660726	0.0763	0.0682	0.0796	0.0608	0.1005	0.2545	0.3073	0.2845	0.3251	0.3068	0.174	0.0839	-0.24100329	0.64784247
54.5	13.5	77.9409194924527	29.798162579660726	0.0763	0.0672	0.0803	0.0636	0.1034	0.2336	0.2766	0.2702	0.3093	0.3068	0.1676	0.0855	-0.23435359	0.6189335
55.5	13.5	77.94101173214747	29.798162579660726	0.0763	0.0672	0.0803	0.0636	0.1034	0.2336	0.2766	0.2702	0.3093	0.3068	0.1676	0.0855	-0.23435359	0.6189335
4.5	14.5	77.93630750771386	29.79807033996595	0.0829	0.0811	0.099	0.0825	0.121	0.2207	0.2568	0.2515	0.2721	0.2709	0.1617	0.0831	-0.2173282	0.505988
5.5	14.5	77.93639974740864	29.79807033996595	0.0821	0.0849	0.0966	0.0809	0.1172	0.2169	0.2481	0.2442	0.2691	0.2743	0.156	0.0782	-0.22038981	0.502307
6.5	14.5	77.93649198710342	29.79807033996595	0.0821	0.0797	0.096	0.0789	0.1172	0.2169	0.2481	0.2561	0.2691	0.2743	0.156	0.0782	-0.24290219	0.5289552
7.5	14.5	77.9365842267982	29.79807033996595	0.0821	0.0825	0.0993	0.0816	0.1155	0.2248	0.2633	0.2623	0.2854	0.2743	0.1559	0.08	-0.25442374	0.52544343
8.5	14.5	77.93667646649297	29.79807033996595	0.0821	0.0812	0.098	0.081	0.1155	0.2248	0.2633	0.2675	0.2854	0.2743	0.1559	0.08	-0.26358056	0.53515065
9.5	14.5	77.93676870618775	29.79807033996595	0.0821	0.0812	0.098	0.081	0.1155	0.2248	0.2633	0.2675	0.2854	0.2743	0.1559	0.08	-0.26358056	0.53515065
10.5	14.5	77.93686094588253	29.79807033996595	0.0821	0.0799	0.1002	0.0774	0.1169	0.2302	0.2745	0.2745	0.2928	0.2743	0.1582	0.0767	-0.2687775	0.56010234
11.5	14.5	77.93695318557731	29.79807033996595	0.0821	0.0818	0.0992	0.0785	0.1169	0.2302	0.2745	0.2735	0.2928	0.2743	0.1582	0.0767	-0.26708362	0.55397725
12.5	14.5	77.93704542527207	29.79807033996595	0.0822	0.0868	0.0968	0.082	0.1158	0.2332	0.2719	0.2725	0.2877	0.2811	0.1584	0.0787	-0.26479462	0.5373766
13.5	14.5	77.93713766496685	29.79807033996595	0.0822	0.079	0.0975	0.0806	0.1158	0.2332	0.2719	0.2762	0.2877	0.2811	0.1584	0.0787	-0.27105385	0.54820627
14.5	14.5	77.93722990466163	29.79807033996595	0.0822	0.0798	0.1002	0.0801	0.1168	0.2333	0.2706	0.2775	0.2916	0.2811	0.1588	0.0841	-0.27206048	0.55201346
15.5	14.5	77.93732214435641	29.79807033996595	0.0822	0.0836	0.0993	0.081	0.1168	0.2333	0.2706	0.2684	0.2916	0.2811	0.1588	0.0841	-0.2565543	0.53634804
16.5	14.5	77.93741438405118	29.79807033996595	0.0822	0.0825	0.0981	0.0847	0.1209	0.224	0.2589	0.2669	0.2788	0.2811	0.166	0.094	-0.23307925	0.5182025
17.5	14.5	77.93750662374596	29.79807033996595	0.0822	0.0841	0.1026	0.0863	0.1209	0.224	0.2589	0.2611	0.2788	0.2811	0.166	0.094	-0.22266449	0.5031664
53.5	14.5	77.94082725275791	29.79807033996595	0.0763	0.0693	0.0834	0.0636	0.105	0.26	0.3177	0.3064	0.3332	0.3068	0.1755	0.0882	-0.27163312	0.6562162
54.5	14.5	77.9409194924527	29.79807033996595	0.0763	0.0728	0.0852	0.0685	0.1067	0.237	0.2812	0.269	0.2939	0.3068	0.1672	0.0866	-0.23337917	0.5940741
4.5	15.5	77.93630750771386	29.797978100271173	0.0829	0.0812	0.0993	0.082	0.1175	0.2198	0.2553	0.2497	0.2733	0.2709	0.1643	0.0842	-0.2062802	0.5055773
5.5	15.5	77.93639974740864	29.797978100271173	0.0821	0.0811	0.0935	0.0784	0.11	0.2108	0.242	0.2267	0.2583	0.2743	0.1474	0.0724	-0.21197537	0.48607013
6.5	15.5	77.93649198710342	29.797978100271173	0.0821	0.0791	0.0935	0.0799	0.11	0.2108	0.242	0.241	0.2583	0.2743	0.1474	0.0724	-0.24098864	0.50202554
7.5	15.5	77.9365842267982	29.797978100271173	0.0821	0.0782	0.0967	0.0794	0.1078	0.211	0.2456	0.2576	0.2564	0.2743	0.1396	0.0666	-0.2970796	0.5287834
8.5	15.5	77.93667646649297	29.797978100271173	0.0821	0.0827	0.0979	0.08	0.1078	0.211	0.2456	0.2659	0.2564	0.2743	0.1396	0.0666	-0.31146732	0.5374386
9.5	15.5	77.93676870618775	29.797978100271173	0.0821	0.0827	0.0979	0.08	0.1078	0.211	0.2456	0.2659	0.2564	0.2743	0.1396	0.0666	-0.31146732	0.5374386
10.5	15.5	77.93686094588253	29.797978100271173	0.0821	0.0818	0.0974	0.0789	0.1118	0.2232	0.2604	0.2736	0.2716	0.2743	0.1472	0.072	-0.30038023	0.55234045
11.5	15.5	77.93695318557731	29.797978100271173	0.0821	0.0818	0.0973	0.0814	0.1118	0.2232	0.2604	0.2696	0.2716	0.2743	0.1472	0.072	-0.29366603	0.53618234
12.5	15.5	77.93704542527207	29.797978100271173	0.0822	0.0818	0.1002	0.0815	0.116	0.2304	0.2711	0.2613	0.2822	0.2811	0.1549	0.0776	-0.25564632	0.52450407
13.5	15.5	77.93713766496685	29.797978100271173	0.0822	0.081	0.1008	0.0789	0.116	0.2304	0.2711	0.2674	0.2822	0.2811	0.1549	0.0776	-0.26639828	0.5443257
14.5	15.5	77.93722990466163	29.797978100271173	0.0822	0.079	0.0981	0.0804	0.1153	0.2289	0.2717	0.2747	0.2829	0.2811	0.1559	0.079	-0.27589408	0.5471698
15.5	15.5	77.93732214435641	29.797978100271173	0.0822	0.0841	0.0975	0.0825	0.1153	0.2289	0.2717	0.2669	0.2829	0.2811	0.1559	0.079	-0.26253548	0.5277619
16.5	15.5	77.93741438405118	29.797978100271173	0.0822	0.0808	0.0963	0.0843	0.116	0.2192	0.2589	0.2602	0.2707	0.2811	0.1589	0.0862	-0.24170843	0.5105951
17.5	15.5	77.93750662374596	29.797978100271173	0.0822	0.0868	0.1015	0.0843	0.116	0.2192	0.2589	0.2548	0.2707	0.2811	0.1589	0.0862	-0.2318105	0.50280154
53.5	15.5	77.94082725275791	29.797978100271173	0.0763	0.0693	0.0858	0.0642	0.105	0.26	0.3177	0.3291	0.3332	0.3068	0.1755	0.0882	-0.30439952	0.67353165
4.5	16.5	77.93630750771386	29.797885860576397	0.0829	0.0832	0.1012	0.0832	0.1175	0.2198	0.2553	0.261	0.2733	0.2709	0.1643	0.0842	-0.22736895	0.51656014
5.5	16.5	77.93639974740864	29.797885860576397	0.0821	0.0794	0.0938	0.0803	0.11	0.2108	0.242	0.2457	0.2583	0.2743	0.1474	0.0724	-0.25006357	0.50736195
6.5	16.5	77.93649198710342	29.797885860576397	0.0821	0.0779	0.0933	0.0748	0.11	0.2108	0.242	0.2282	0.2583	0.2743	0.1474	0.0724	-0.21512246	0.50627065
7.5	16.5	77.9365842267982	29.797885860576397	0.0821	0.0761	0.0902	0.0733	0.1078	0.211	0.2456	0.2123	0.2564	0.2743	0.1396	0.0666	-0.20659281	0.4866947
8.5	16.5	77.93667646649297	29.797885860576397	0.0821	0.078	0.0885	0.0736	0.1078	0.211	0.2456	0.2266	0.2564	0.2743	0.1396	0.0666	-0.23757513	0.50966024
9.5	16.5	77.93676870618775	29.797885860576397	0.0821	0.0813	0.0943	0.078	0.1118	0.2232	0.2604	0.2524	0.2716	0.2743	0.1472	0.072	-0.2632633	0.527845
10.5	16.5	77.93686094588253	29.797885860576397	0.0821	0.0813	0.0943	0.078	0.1118	0.2232	0.2604	0.2524	0.2716	0.2743	0.1472	0.072	-0.2632633	0.527845
11.5	16.5	77.93695318557731	29.797885860576397	0.0821	0.0826	0.0992	0.0804	0.1118	0.2232	0.2604	0.2624	0.2716	0.2743	0.1472	0.072	-0.28125	0.5309218
12.5	16.5	77.93704542527207	29.797885860576397	0.0822	0.0803	0.1002	0.0789	0.116	0.2304	0.2711	0.2575	0.2822	0.2811	0.1549	0.0776	-0.24878757	0.53091556
13.5	16.5	77.93713766496685	29.797885860576397	0.0822	0.0786	0.0993	0.0796	0.116	0.2304	0.2711	0.2696	0.2822	0.2811	0.1549	0.0776	-0.27020025	0.5441008
14.5	16.5	77.93722990466163	29.797885860576397	0.0822	0.0796	0.0974	0.081	0.1153	0.2289	0.2717	0.2632	0.2829	0.2811	0.1559	0.079	-0.25602484	0.5293434
15.5	16.5	77.93732214435641	29.797885860576397	0.0822	0.0848	0.0963	0.0811	0.1153	0.2289	0.2717	0.2587	0.2829	0.2811	0.1559	0.079	-0.24794985	0.5226604
16.5	16.5	77.93741438405118	29.797885860576397	0.0822	0.0825	0.0993	0.0818	0.116	0.2192	0.2589	0.2588	0.2707	0.2811	0.1589	0.0862	-0.23916689	0.5196712
17.5	16.5	77.93750662374596	29.797885860576397	0.0822	0.0821	0.0987	0.0824	0.116	0.2192	0.2589	0.2514	0.2707	0.2811	0.1589	0.0862	-0.22544481	0.50629115
4.5	17.5	77.93630750771386	29.79779362088162	0.0824	0.0835	0.0995	0.0832	0.1206	0.2246	0.2601	0.2596	0.2776	0.2663	0.1696	0.0907	-0.2096925	0.5145858
5.5	17.5	77.93639974740864	29.79779362088162	0.0816	0.0825	0.099	0.0828	0.117	0.2173	0.2505	0.261	0.2682	0.2663	0.1628	0.0866	-0.23171309	0.5183246
6.5	17.5	77.93649198710342	29.79779362088162	0.0816	0.0816	0.0959	0.0798	0.117	0.2173	0.2505	0.253	0.2682	0.2663	0.1628	0.0866	-0.21693121	0.52043265
7.5	17.5	77.9365842267982	29.79779362088162	0.0816	0.0787	0.0889	0.0752	0.1103	0.1999	0.2346	0.2297	0.2529	0.2663	0.1472	0.0764	-0.21889094	0.5067235
8.5	17.5	77.93667646649297	29.79779362088162	0.0816	0.075	0.085	0.0709	0.1103	0.1999	0.2346	0.2136	0.2529	0.2663	0.1472	0.0764	-0.18403545	0.5015817
9.5	17.5	77.93676870618775	29.79779362088162	0.0816	0.0767	0.0907	0.0748	0.1063	0.1982	0.2304	0.2228	0.2536	0.2663	0.1393	0.0711	-0.23059927	0.49731183
10.5	17.5	77.93686094588253	29.79779362088162	0.0816	0.0767	0.0907	0.0748	0.1063	0.1982	0.2304	0.2228	0.2536	0.2663	0.1393	0.0711	-0.23059927	0.49731183
11.5	17.5	77.93695318557731	29.79779362088162	0.0816	0.08	0.0954	0.0775	0.1063	0.1982	0.2304	0.2496	0.2536	0.2663	0.1393	0.0711	-0.28362045	0.5261388
12.5	17.5	77.93704542527207	29.79779362088162	0.0803	0.0794	0.0967	0.0786	0.1106	0.2158	0.2547	0.268	0.2747	0.2857	0.1467	0.0733	-0.29250064	0.5464513
13.5	17.5	77.93713766496685	29.79779362088162	0.0803	0.0779	0.098	0.08	0.1106	0.2158	0.2547	0.2708	0.2747	0.2857	0.1467	0.0733	-0.2972455	0.54389966
14.5	17.5	77.93722990466163	29.79779362088162	0.0803	0.0802	0.0985	0.0792	0.1129	0.2197	0.2625	0.2621	0.278	0.2857	0.1509	0.0762	-0.2692494	0.5358922
15.5	17.5	77.93732214435641	29.79779362088162	0.0803	0.0831	0.0943	0.0786	0.1129	0.2197	0.2625	0.2624	0.278	0.2857	0.1509	0.0762	-0.2697798	0.53900295
16.5	17.5	77.93741438405118	29.79779362088162	0.0803	0.0848	0.1001	0.0784	0.1146	0.2194	0.2592	0.2591	0.2726	0.2857	0.1533	0.0794	-0.256547	0.53540736
4.5	18.5	77.93630750771386	29.797701381186844	0.0824	0.0861	0.0992	0.084	0.1206	0.2246	0.2601	0.253	0.2776	0.2663	0.1696	0.0907	-0.19734974	0.5014837
5.5	18.5	77.93639974740864	29.797701381186844	0.0816	0.083	0.1016	0.086	0.117	0.2173	0.2505	0.2524	0.2682	0.2663	0.1628	0.0866	-0.21579964	0.49172577
6.5	18.5	77.93649198710342	29.797701381186844	0.0816	0.0816	0.0991	0.0854	0.117	0.2173	0.2505	0.2507	0.2682	0.2663	0.1628	0.0866	-0.21257557	0.4918179
7.5	18.5	77.9365842267982	29.797701381186844	0.0816	0.0789	0.0959	0.0818	0.1103	0.1999	0.2346	0.2461	0.2529	0.2663	0.1472	0.0764	-0.25146195	0.5010674
8.5	18.5	77.93667646649297	29.797701381186844	0.0816	0.078	0.0924	0.0763	0.1103	0.1999	0.2346	0.2374	0.2529	0.2663	0.1472	0.0764	-0.23452936	0.51354796
9.5	18.5	77.93676870618775	29.797701381186844	0.0816	0.0765	0.0909	0.074	0.1063	0.1982	0.2304	0.2222	0.2536	0.2663	0.1393	0.0711	-0.22932227	0.5003376
10.5	18.5	77.93686094588253	29.797701381186844	0.0816	0.0765	0.0909	0.074	0.1063	0.1982	0.2304	0.2222	0.2536	0.2663	0.1393	0.0711	-0.22932227	0.5003376
11.5	18.5	77.93695318557731	29.797701381186844	0.0816	0.0766	0.0882	0.0731	0.1063	0.1982	0.2304	0.2157	0.2536	0.2663	0.1393	0.0711	-0.21521126	0.49376732
12.5	18.5	77.93704542527207	29.797701381186844	0.0803	0.0804	0.092	0.0755	0.1106	0.2158	0.2547	0.2346	0.2747	0.2857	0.1467	0.0733	-0.23052715	0.51306033
13.5	18.5	77.93713766496685	29.797701381186844	0.0803	0.0806	0.0955	0.0786	0.1106	0.2158	0.2547	0.2552	0.2747	0.2857	0.1467	0.0733	-0.26996768	0.52905935
14.5	18.5	77.93722990466163	29.797701381186844	0.0803	0.0807	0.0958	0.0774	0.1129	0.2197	0.2625	0.2607	0.278	0.2857	0.1509	0.0762	-0.2667638	0.5421473
15.5	18.5	77.93732214435641	29.797701381186844	0.0803	0.0781	0.0957	0.0778	0.1129	0.2197	0.2625	0.26	0.278	0.2857	0.1509	0.0762	-0.2655147	0.5393724
16.5	18.5	77.93741438405118	29.797701381186844	0.0803	0.079	0.0974	0.0786	0.1146	0.2194	0.2592	0.2568	0.2726	0.2857	0.1533	0.0794	-0.25237745	0.5313059
4.5	19.5	77.93630750771386	29.797609141492067	0.0824	0.0842	0.099	0.0835	0.1174	0.2102	0.2426	0.2498	0.2628	0.2663	0.1638	0.0878	-0.20793036	0.4989499
5.5	19.5	77.93639974740864	29.797609141492067	0.0816	0.0824	0.0996	0.0855	0.1224	0.2111	0.2441	0.2492	0.263	0.2663	0.1705	0.0947	-0.1875149	0.4890947
6.5	19.5	77.93649198710342	29.797609141492067	0.0816	0.0813	0.0993	0.0863	0.1224	0.2111	0.2441	0.249	0.263	0.2663	0.1705	0.0947	-0.18712755	0.4852371
7.5	19.5	77.9365842267982	29.797609141492067	0.0816	0.0799	0.0973	0.0853	0.1198	0.2179	0.2499	0.2498	0.2706	0.2663	0.1679	0.0911	-0.19607374	0.49089825
8.5	19.5	77.93667646649297	29.797609141492067	0.0816	0.0807	0.0982	0.0821	0.1198	0.2179	0.2499	0.2567	0.2706	0.2663	0.1679	0.0911	-0.20913804	0.5153483
9.5	19.5	77.93676870618775	29.797609141492067	0.0816	0.0785	0.0951	0.0789	0.1135	0.2165	0.2542	0.2518	0.2635	0.2663	0.152	0.0791	-0.24715208	0.52283037
10.5	19.5	77.93686094588253	29.797609141492067	0.0816	0.0785	0.0951	0.0789	0.1135	0.2165	0.2542	0.2518	0.2635	0.2663	0.152	0.0791	-0.24715208	0.52283037
11.5	19.5	77.93695318557731	29.797609141492067	0.0816	0.0768	0.0861	0.0761	0.1135	0.2165	0.2542	0.2378	0.2635	0.2663	0.152	0.0791	-0.2201129	0.5151322
12.5	19.5	77.93704542527207	29.797609141492067	0.0803	0.0791	0.0879	0.0755	0.1123	0.2198	0.2619	0.2394	0.2711	0.2857	0.145	0.0747	-0.24557753	0.5204827
13.5	19.5	77.93713766496685	29.797609141492067	0.0803	0.0805	0.0944	0.0781	0.1123	0.2198	0.2619	0.254	0.2711	0.2857	0.145	0.0747	-0.273183	0.52965975
14.5	19.5	77.93722990466163	29.797609141492067	0.0803	0.0815	0.0952	0.0791	0.1137	0.2232	0.2633	0.2552	0.2775	0.2857	0.1504	0.0776	-0.25838265	0.5267724
15.5	19.5	77.93732214435641	29.797609141492067	0.0803	0.0802	0.0968	0.0797	0.1137	0.2232	0.2633	0.2558	0.2775	0.2857	0.1504	0.0776	-0.25947812	0.5248882
16.5	19.5	77.93741438405118	29.797609141492067	0.0803	0.0802	0.0958	0.08	0.1136	0.2321	0.2751	0.2602	0.293	0.2857	0.1527	0.0777	-0.26035357	0.5296884
4.5	20.5	77.93630750771386	29.79751690179729	0.0824	0.0836	0.0999	0.0827	0.1174	0.2102	0.2426	0.244	0.2628	0.2663	0.1638	0.0878	-0.19666503	0.49372515
5.5	20.5	77.93639974740864	29.79751690179729	0.0816	0.083	0.098	0.0832	0.1224	0.2111	0.2441	0.241	0.263	0.2663	0.1705	0.0947	-0.17132443	0.48673657
6.5	20.5	77.93649198710342	29.79751690179729	0.0816	0.0837	0.0989	0.0855	0.1224	0.2111	0.2441	0.2445	0.263	0.2663	0.1705	0.0947	-0.17831326	0.48181817
7.5	20.5	77.9365842267982	29.79751690179729	0.0816	0.0819	0.0973	0.0853	0.1198	0.2179	0.2499	0.2522	0.2706	0.2663	0.1679	0.0911	-0.20066653	0.49451855
8.5	20.5	77.93667646649297	29.79751690179729	0.0816	0.0801	0.0974	0.0825	0.1198	0.2179	0.2499	0.2529	0.2706	0.2663	0.1679	0.0911	-0.20199622	0.5080501
9.5	20.5	77.93676870618775	29.79751690179729	0.0816	0.0811	0.0967	0.0823	0.1135	0.2165	0.2542	0.2547	0.2635	0.2663	0.152	0.0791	-0.25252032	0.5115727
10.5	20.5	77.93686094588253	29.79751690179729	0.0816	0.0804	0.0954	0.0807	0.1135	0.2165	0.2542	0.2636	0.2635	0.2663	0.152	0.0791	-0.26852742	0.53122276
11.5	20.5	77.93695318557731	29.79751690179729	0.0816	0.0804	0.0954	0.0807	0.1135	0.2165	0.2542	0.2636	0.2635	0.2663	0.152	0.0791	-0.26852742	0.53122276
12.5	20.5	77.93704542527207	29.79751690179729	0.0803	0.0794	0.0955	0.0786	0.1123	0.2198	0.2619	0.2603	0.2711	0.2857	0.145	0.0747	-0.28448066	0.5361464
13.5	20.5	77.93713766496685	29.79751690179729	0.0803	0.0806	0.0966	0.0786	0.1123	0.2198	0.2619	0.2679	0.2711	0.2857	0.145	0.0747	-0.29765075	0.5463203
14.5	20.5	77.93722990466163	29.79751690179729	0.0803	0.0819	0.0962	0.0786	0.1137	0.2232	0.2633	0.2598	0.2775	0.2857	0.1504	0.0776	-0.26669917	0.535461
15.5	20.5	77.93732214435641	29.79751690179729	0.0803	0.0791	0.0968	0.0788	0.1137	0.2232	0.2633	0.2654	0.2775	0.2857	0.1504	0.0776	-0.27657527	0.54212666
4.5	21.5	77.93630750771386	29.797424662102515	0.0824	0.083	0.0971	0.0814	0.112	0.2111	0.244	0.241	0.2603	0.2663	0.1567	0.0826	-0.21196881	0.49503723
5.5	21.5	77.93639974740864	29.797424662102515	0.0816	0.083	0.0963	0.0826	0.1174	0.2124	0.244	0.241	0.2565	0.2663	0.1619	0.0899	-0.19632663	0.48949322
6.5	21.5	77.93649198710342	29.797424662102515	0.0816	0.0847	0.0973	0.0847	0.1174	0.2124	0.244	0.2438	0.2565	0.2663	0.1619	0.0899	-0.2018733	0.48432267
7.5	21.5	77.9365842267982	29.797424662102515	0.0816	0.0816	0.0992	0.083	0.1176	0.2193	0.2529	0.2518	0.267	0.2663	0.1659	0.0908	-0.20564997	0.5041816
8.5	21.5	77.93667646649297	29.797424662102515	0.0816	0.08	0.1002	0.0807	0.1176	0.2193	0.2529	0.2517	0.267	0.2663	0.1659	0.0908	-0.20545977	0.5144404
9.5	21.5	77.93676870618775	29.797424662102515	0.0816	0.0806	0.0967	0.0819	0.1178	0.2299	0.2688	0.2596	0.289	0.2663	0.1593	0.0858	-0.23943664	0.5203514
10.5	21.5	77.93686094588253	29.797424662102515	0.0816	0.0828	0.0998	0.0803	0.1178	0.2299	0.2688	0.2737	0.289	0.2663	0.1593	0.0858	-0.26420322	0.54632765
11.5	21.5	77.93695318557731	29.797424662102515	0.0816	0.0828	0.0998	0.0803	0.1178	0.2299	0.2688	0.2737	0.289	0.2663	0.1593	0.0858	-0.26420322	0.54632765
12.5	21.5	77.93704542527207	29.797424662102515	0.0803	0.0831	0.0979	0.0793	0.1178	0.2391	0.2839	0.2702	0.3017	0.2857	0.1535	0.0782	-0.27543074	0.54620886
13.5	21.5	77.93713766496685	29.797424662102515	0.0803	0.0805	0.0979	0.0777	0.1178	0.2391	0.2839	0.2846	0.3017	0.2857	0.1535	0.0782	-0.29924673	0.5710737
4.5	22.5	77.93630750771386	29.797332422407738	0.0824	0.081	0.0959	0.0804	0.112	0.2111	0.244	0.2354	0.2603	0.2663	0.1567	0.0826	-0.20071411	0.49081698
5.5	22.5	77.93639974740864	29.797332422407738	0.0816	0.084	0.0952	0.0813	0.1174	0.2124	0.244	0.2354	0.2565	0.2663	0.1619	0.0899	-0.18499875	0.48658037
6.5	22.5	77.93649198710342	29.797332422407738	0.0816	0.083	0.0982	0.083	0.1174	0.2124	0.244	0.2432	0.2565	0.2663	0.1619	0.0899	-0.2006912	0.49110976
7.5	22.5	77.9365842267982	29.797332422407738	0.0816	0.0807	0.0973	0.0818	0.1176	0.2193	0.2529	0.2474	0.267	0.2663	0.1659	0.0908	-0.19719331	0.5030377
8.5	22.5	77.93667646649297	29.797332422407738	0.0816	0.0811	0.0995	0.0808	0.1176	0.2193	0.2529	0.253	0.267	0.2663	0.1659	0.0908	-0.20792548	0.5158778
9.5	22.5	77.93676870618775	29.797332422407738	0.0816	0.0819	0.0967	0.0813	0.1178	0.2299	0.2688	0.2618	0.289	0.2663	0.1593	0.0858	-0.2434101	0.5260857
10.5	22.5	77.93686094588253	29.797332422407738	0.0816	0.0828	0.0973	0.08	0.1178	0.2299	0.2688	0.2708	0.289	0.2663	0.1593	0.0858	-0.25924203	0.54389966
11.5	22.5	77.93695318557731	29.797332422407738	0.0816	0.0828	0.0973	0.08	0.1178	0.2299	0.2688	0.2708	0.289	0.2663	0.1593	0.0858	-0.25924203	0.54389966
12.5	22.5	77.93704542527207	29.797332422407738	0.0803	0.084	0.0979	0.0786	0.1178	0.2391	0.2839	0.2818	0.3017	0.2857	0.1535	0.0782	-0.29473925	0.563818
4.5	23.5	77.93630750771386	29.79724018271296	0.0824	0.0803	0.0993	0.0821	0.1144	0.2284	0.2687	0.2682	0.2834	0.2852	0.1615	0.0817	-0.24831277	0.53125894
5.5	23.5	77.93639974740864	29.79724018271296	0.0814	0.0843	0.0974	0.0818	0.1132	0.2125	0.251	0.2603	0.2673	0.2791	0.157	0.0844	-0.24754374	0.5217773
6.5	23.5	77.93649198710342	29.79724018271296	0.0814	0.0813	0.0956	0.0804	0.1132	0.2125	0.251	0.2342	0.2673	0.2791	0.157	0.0844	-0.1973415	0.48887476
7.5	23.5	77.9365842267982	29.79724018271296	0.0814	0.0799	0.0925	0.0778	0.1096	0.2	0.2333	0.2264	0.2541	0.2791	0.1528	0.0795	-0.19409285	0.48849443
8.5	23.5	77.93667646649297	29.79724018271296	0.0814	0.0835	0.0934	0.08	0.1096	0.2	0.2333	0.241	0.2541	0.2791	0.1528	0.0795	-0.22397158	0.50155765
9.5	23.5	77.93676870618775	29.79724018271296	0.0814	0.0785	0.0967	0.0814	0.115	0.2338	0.2751	0.263	0.2953	0.2791	0.1577	0.0797	-0.25029713	0.52729386
10.5	23.5	77.93686094588253	29.79724018271296	0.0814	0.0806	0.098	0.0804	0.115	0.2338	0.2751	0.2835	0.2953	0.2791	0.1577	0.0797	-0.28513142	0.55812037
4.5	24.5	77.93630750771386	29.797147943018185	0.0824	0.084	0.0993	0.0815	0.1144	0.2284	0.2687	0.2819	0.2834	0.2852	0.1615	0.0817	-0.27153808	0.5514584
5.5	24.5	77.93639974740864	29.797147943018185	0.0814	0.0847	0.098	0.081	0.1132	0.2125	0.251	0.2717	0.2673	0.2791	0.157	0.0844	-0.26755303	0.54068613
6.5	24.5	77.93649198710342	29.797147943018185	0.0814	0.0824	0.0929	0.0762	0.1132	0.2125	0.251	0.2366	0.2673	0.2791	0.157	0.0844	-0.20223574	0.5127877
7.5	24.5	77.9365842267982	29.797147943018185	0.0814	0.0744	0.0908	0.074	0.1096	0.2	0.2333	0.2126	0.2541	0.2791	0.1528	0.0795	-0.16365626	0.48360083
8.5	24.5	77.93667646649297	29.797147943018185	0.0814	0.0738	0.0909	0.0731	0.1096	0.2	0.2333	0.2178	0.2541	0.2791	0.1528	0.0795	-0.17539129	0.4974218
4.5	25.5	77.93630750771386	29.79705570332341	0.0824	0.083	0.0992	0.0811	0.117	0.2311	0.2722	0.2715	0.2957	0.2852	0.1632	0.0826	-0.2491373	0.53998864
5.5	25.5	77.93639974740864	29.79705570332341	0.0814	0.0813	0.0964	0.0789	0.1131	0.2246	0.2619	0.2718	0.2808	0.2791	0.1553	0.0809	-0.27276984	0.55004275
6.5	25.5	77.93649198710342	29.79705570332341	0.0814	0.0827	0.0907	0.0762	0.1131	0.2246	0.2619	0.2482	0.2808	0.2791	0.1553	0.0809	-0.23023541	0.5302096
7.5	25.5	77.9365842267982	29.79705570332341	0.0814	0.0799	0.092	0.0777	0.1093	0.2155	0.2502	0.2474	0.2668	0.2791	0.1502	0.0773	-0.24446683	0.5219933
4.5	26.5	77.93630750771386	29.796963463628632	0.0824	0.081	0.0993	0.0799	0.117	0.2311	0.2722	0.2744	0.2957	0.2852	0.1632	0.0826	-0.25411332	0.5489698
5.5	26.5	77.93639974740864	29.796963463628632	0.0814	0.078	0.096	0.0758	0.1131	0.2246	0.2619	0.2723	0.2808	0.2791	0.1553	0.0809	-0.2736202	0.56449294
73.5	57.5	77.94267204665344	29.794104033090562	0.085	0.0819	0.1003	0.0941	0.1324	0.2033	0.2304	0.2458	0.2508	0.2549	0.2033	0.128	-0.09463372	0.44630775
71.5	58.5	77.9424875672639	29.794011793395786	0.085	0.0955	0.1208	0.1178	0.1523	0.2207	0.2395	0.2474	0.2577	0.2549	0.2453	0.1704	-0.00426224	0.35487404
72.5	58.5	77.94257980695868	29.794011793395786	0.085	0.0809	0.1036	0.0986	0.1523	0.2207	0.2395	0.2398	0.2577	0.2549	0.2453	0.1704	0.011337846	0.4172577
73.5	58.5	77.94267204665344	29.794011793395786	0.085	0.0819	0.1042	0.1004	0.1465	0.2099	0.2329	0.2453	0.2575	0.2549	0.2379	0.1605	-0.015314551	0.41914955
70.5	59.5	77.94239532756912	29.79391955370101	0.0924	0.0887	0.1068	0.1132	0.1497	0.2099	0.232	0.2416	0.2566	0.259	0.2649	0.1871	0.04600196	0.36189404
71.5	59.5	77.9424875672639	29.79391955370101	0.085	0.0949	0.1152	0.1198	0.1523	0.2207	0.2395	0.2382	0.2577	0.2549	0.2453	0.1704	0.014684594	0.33072624
72.5	59.5	77.94257980695868	29.79391955370101	0.085	0.0885	0.103	0.1094	0.1523	0.2207	0.2395	0.2368	0.2577	0.2549	0.2453	0.1704	0.017631186	0.36799538
73.5	59.5	77.94267204665344	29.79391955370101	0.085	0.0843	0.102	0.1023	0.1465	0.2099	0.2329	0.2321	0.2575	0.2549	0.2379	0.1605	0.012340444	0.38815787
69.5	60.5	77.94230308787434	29.793827314006233	0.0851	0.086	0.105	0.1122	0.1494	0.2094	0.2306	0.2332	0.2517	0.2543	0.2628	0.185	0.059677437	0.35031846
70.5	60.5	77.94239532756912	29.793827314006233	0.0851	0.0855	0.102	0.1048	0.1494	0.2094	0.2306	0.244	0.2517	0.2543	0.2628	0.185	0.03709551	0.39908257
71.5	60.5	77.9424875672639	29.793827314006233	0.0812	0.093	0.1142	0.12	0.1549	0.2103	0.2325	0.2342	0.2509	0.2562	0.256	0.1909	0.044471666	0.32241672
72.5	60.5	77.94257980695868	29.793827314006233	0.0812	0.0921	0.1156	0.1162	0.1549	0.2103	0.2325	0.2383	0.2509	0.2562	0.256	0.1909	0.035808247	0.34442878
73.5	60.5	77.94267204665344	29.793827314006233	0.0812	0.0863	0.102	0.1014	0.144	0.2109	0.2312	0.2358	0.2549	0.2562	0.2433	0.1675	0.015654368	0.3985765
68.5	61.5	77.94221084817956	29.793735074311456	0.0851	0.0881	0.1088	0.1142	0.1571	0.212	0.233	0.2366	0.2597	0.2543	0.2875	0.2144	0.09711887	0.34891674
69.5	61.5	77.94230308787434	29.793735074311456	0.0851	0.0836	0.1015	0.1078	0.1494	0.2094	0.2306	0.2367	0.2517	0.2543	0.2628	0.185	0.05225227	0.37416545
70.5	61.5	77.94239532756912	29.793735074311456	0.0851	0.0855	0.103	0.1076	0.1494	0.2094	0.2306	0.241	0.2517	0.2543	0.2628	0.185	0.04327116	0.38267353
71.5	61.5	77.9424875672639	29.793735074311456	0.0812	0.0885	0.1126	0.1192	0.1549	0.2103	0.2325	0.2266	0.2509	0.2562	0.256	0.1909	0.060920026	0.31058416
72.5	61.5	77.94257980695868	29.793735074311456	0.0812	0.0981	0.1148	0.1196	0.1549	0.2103	0.2325	0.2402	0.2509	0.2562	0.256	0.1909	0.031842027	0.3351862
73.5	61.5	77.94267204665344	29.793735074311456	0.0812	0.0878	0.1032	0.1056	0.144	0.2109	0.2312	0.2364	0.2549	0.2562	0.2433	0.1675	0.014384016	0.38245612
66.5	62.5	77.94202636879001	29.79364283461668	0.0851	0.0812	0.0966	0.0899	0.1427	0.2159	0.2435	0.2568	0.2666	0.2543	0.2407	0.1646	-0.032361787	0.48139602
67.5	62.5	77.94211860848479	29.79364283461668	0.0851	0.0812	0.0966	0.0899	0.1427	0.2159	0.2435	0.2568	0.2666	0.2543	0.2407	0.1646	-0.032361787	0.48139602
68.5	62.5	77.94221084817956	29.79364283461668	0.0851	0.0805	0.1001	0.0986	0.1427	0.2159	0.2435	0.2452	0.2666	0.2543	0.2407	0.1646	-0.009261138	0.4264107
69.5	62.5	77.94230308787434	29.79364283461668	0.0851	0.0806	0.098	0.0996	0.1378	0.2085	0.2325	0.2376	0.2566	0.2543	0.2369	0.1588	-0.0014752307	0.40925264
70.5	62.5	77.94239532756912	29.79364283461668	0.0851	0.0828	0.1005	0.1034	0.1378	0.2085	0.2325	0.2343	0.2566	0.2543	0.2369	0.1588	0.0055178255	0.38762215
71.5	62.5	77.9424875672639	29.79364283461668	0.0812	0.0858	0.1023	0.1092	0.1465	0.2073	0.2285	0.2232	0.2503	0.2562	0.2409	0.1716	0.038138337	0.34296027
72.5	62.5	77.94257980695868	29.79364283461668	0.0812	0.0948	0.1192	0.1244	0.1465	0.2073	0.2285	0.2315	0.2503	0.2562	0.2409	0.1716	0.019898381	0.30092722
73.5	62.5	77.94267204665344	29.79364283461668	0.0812	0.0861	0.1046	0.103	0.1414	0.2121	0.2365	0.236	0.2591	0.2562	0.2325	0.1572	-0.00747065	0.39233038
65.5	63.5	77.94193412909523	29.793550594921903	0.0851	0.0799	0.0965	0.0923	0.1319	0.1918	0.2093	0.2257	0.2311	0.2543	0.2147	0.1391	-0.02497731	0.41949686
66.5	63.5	77.94202636879001	29.793550594921903	0.0851	0.0795	0.0954	0.0883	0.1305	0.2066	0.2353	0.2332	0.249	0.2543	0.2126	0.1366	-0.04620908	0.45069987
67.5	63.5	77.94211860848479	29.793550594921903	0.0851	0.0795	0.0954	0.0883	0.1305	0.2066	0.2353	0.2332	0.249	0.2543	0.2126	0.1366	-0.04620908	0.45069987
68.5	63.5	77.94221084817956	29.793550594921903	0.0851	0.0799	0.0953	0.0888	0.1305	0.2066	0.2353	0.2468	0.249	0.2543	0.2126	0.1366	-0.07444496	0.47079858
69.5	63.5	77.94230308787434	29.793550594921903	0.0851	0.0808	0.0976	0.0935	0.1378	0.2085	0.2325	0.2446	0.2566	0.2543	0.2369	0.1588	-0.015991684	0.4469092
70.5	63.5	77.94239532756912	29.793550594921903	0.0851	0.0811	0.0963	0.0972	0.1378	0.2085	0.2325	0.2395	0.2566	0.2543	0.2369	0.1588	-0.0054575973	0.42263144
71.5	63.5	77.9424875672639	29.793550594921903	0.0812	0.0781	0.0942	0.0961	0.1465	0.2073	0.2285	0.226	0.2503	0.2562	0.2409	0.1716	0.031912614	0.4032909
72.5	63.5	77.94257980695868	29.793550594921903	0.0812	0.0886	0.109	0.1154	0.1465	0.2073	0.2285	0.2292	0.2503	0.2562	0.2409	0.1716	0.0248883	0.33023795
73.5	63.5	77.94267204665344	29.793550594921903	0.0812	0.0913	0.1086	0.1023	0.1414	0.2121	0.2365	0.243	0.2591	0.2562	0.2325	0.1572	-0.022082016	0.40747175
65.5	64.5	77.94193412909523	29.793458355227127	0.0851	0.0802	0.096	0.0915	0.1319	0.1918	0.2093	0.2084	0.2311	0.2543	0.2147	0.1391	0.014890103	0.38979658
66.5	64.5	77.94202636879001	29.793458355227127	0.0851	0.0759	0.0944	0.0875	0.1305	0.2066	0.2353	0.2186	0.249	0.2543	0.2126	0.1366	-0.013914685	0.4282914
67.5	64.5	77.94211860848479	29.793458355227127	0.0851	0.0806	0.0954	0.0886	0.1305	0.2066	0.2353	0.2391	0.249	0.2543	0.2126	0.1366	-0.05866726	0.4592615
68.5	64.5	77.94221084817956	29.793458355227127	0.0851	0.0806	0.0954	0.0886	0.1305	0.2066	0.2353	0.2391	0.249	0.2543	0.2126	0.1366	-0.05866726	0.4592615
69.5	64.5	77.94230308787434	29.793458355227127	0.0851	0.0788	0.1	0.0918	0.1322	0.2137	0.2382	0.25	0.2642	0.2543	0.2261	0.1447	-0.050199542	0.46284378
70.5	64.5	77.94239532756912	29.793458355227127	0.0851	0.0797	0.0976	0.0912	0.1322	0.2137	0.2382	0.254	0.2642	0.2543	0.2261	0.1447	-0.058112916	0.47161067
71.5	64.5	77.9424875672639	29.793458355227127	0.0812	0.0783	0.0966	0.0885	0.1427	0.2062	0.2275	0.2382	0.2484	0.2562	0.2297	0.159	-0.018166265	0.45821854
72.5	64.5	77.94257980695868	29.793458355227127	0.0812	0.0849	0.102	0.105	0.1427	0.2062	0.2275	0.2266	0.2484	0.2562	0.2297	0.159	0.00679376	0.3667069
73.5	64.5	77.94267204665344	29.793458355227127	0.0812	0.0888	0.1164	0.1136	0.144	0.2126	0.238	0.2418	0.2611	0.2562	0.2331	0.1612	-0.018319642	0.3607203
65.5	65.5	77.94193412909523	29.79336611553235	0.0788	0.079	0.0948	0.0915	0.1301	0.1892	0.2082	0.2046	0.2244	0.2525	0.2088	0.1362	0.010159643	0.38196558
66.5	65.5	77.94202636879001	29.79336611553235	0.0788	0.0784	0.0943	0.0893	0.1338	0.2063	0.2304	0.2222	0.2499	0.2525	0.2228	0.1441	0.0013483039	0.42664528
67.5	65.5	77.94211860848479	29.79336611553235	0.0788	0.0816	0.0949	0.0911	0.1338	0.2063	0.2304	0.2402	0.2499	0.2525	0.2228	0.1441	-0.037580986	0.4500453
68.5	65.5	77.94221084817956	29.79336611553235	0.0788	0.0816	0.0949	0.0911	0.1338	0.2063	0.2304	0.2402	0.2499	0.2525	0.2228	0.1441	-0.037580986	0.4500453
69.5	65.5	77.94230308787434	29.79336611553235	0.0788	0.0764	0.0951	0.0921	0.1334	0.2034	0.224	0.2308	0.2529	0.2525	0.2368	0.1511	0.012831474	0.42954475
70.5	65.5	77.94239532756912	29.79336611553235	0.0788	0.0801	0.0949	0.0954	0.1334	0.2034	0.224	0.2262	0.2529	0.2525	0.2368	0.1511	0.02289417	0.40671644
71.5	65.5	77.9424875672639	29.79336611553235	0.0812	0.0767	0.0952	0.0932	0.1427	0.2062	0.2275	0.2308	0.2484	0.2562	0.2297	0.159	-0.002388716	0.42469138
65.5	66.5	77.94193412909523	29.793273875837574	0.0788	0.0797	0.0948	0.0933	0.1301	0.1892	0.2082	0.2254	0.2244	0.2525	0.2088	0.1362	-0.038231224	0.4144964
66.5	66.5	77.94202636879001	29.793273875837574	0.0788	0.0803	0.0955	0.0897	0.1338	0.2063	0.2304	0.2376	0.2499	0.2525	0.2228	0.1441	-0.032145955	0.45187902
67.5	66.5	77.94211860848479	29.793273875837574	0.0788	0.0808	0.0974	0.096	0.1338	0.2063	0.2304	0.2335	0.2499	0.2525	0.2228	0.1441	-0.02344949	0.41729894
68.5	66.5	77.94221084817956	29.793273875837574	0.0788	0.0808	0.0974	0.096	0.1338	0.2063	0.2304	0.2335	0.2499	0.2525	0.2228	0.1441	-0.02344949	0.41729894
69.5	66.5	77.94230308787434	29.793273875837574	0.0788	0.0786	0.0974	0.0951	0.1334	0.2034	0.224	0.2257	0.2529	0.2525	0.2368	0.1511	0.023999987	0.40710723
65.5	67.5	77.94193412909523	29.793181636142798	0.0788	0.0789	0.0943	0.0885	0.1345	0.2067	0.2315	0.2374	0.2494	0.2525	0.2144	0.1364	-0.050907485	0.45688862
66.5	67.5	77.94202636879001	29.793181636142798	0.0788	0.0786	0.0971	0.0912	0.1354	0.213	0.235	0.2482	0.2604	0.2525	0.2403	0.1531	-0.016171955	0.462581
67.5	67.5	77.94211860848479	29.793181636142798	0.0788	0.0805	0.0993	0.0986	0.1354	0.213	0.235	0.2382	0.2604	0.2525	0.2403	0.1531	0.004388727	0.4144893
65.5	68.5	77.94193412909523	29.79308939644802	0.0788	0.0838	0.0993	0.0907	0.1345	0.2067	0.2315	0.2436	0.2494	0.2525	0.2144	0.1364	-0.06375547	0.45737362
68.5	86.5	77.94221084817956	29.791429081942045	0.0825	0.0852	0.1038	0.0966	0.1491	0.2496	0.2781	0.2851	0.3054	0.2882	0.2378	0.1394	-0.09045708	0.49384335
69.5	86.5	77.94230308787434	29.791429081942045	0.0825	0.0835	0.107	0.0944	0.1491	0.2496	0.2781	0.2916	0.3054	0.2882	0.2378	0.1394	-0.10162446	0.5108808
67.5	87.5	77.94211860848479	29.79133684224727	0.0825	0.0846	0.1062	0.0977	0.1468	0.2354	0.2626	0.2752	0.2899	0.2882	0.2427	0.1485	-0.062753454	0.47599894
68.5	87.5	77.94221084817956	29.79133684224727	0.0825	0.0868	0.1076	0.098	0.1552	0.255	0.2814	0.2867	0.3095	0.2882	0.2609	0.1658	-0.04711472	0.4905121
69.5	87.5	77.94230308787434	29.79133684224727	0.0825	0.0832	0.1098	0.098	0.1552	0.255	0.2814	0.2907	0.3095	0.2882	0.2609	0.1658	-0.054024655	0.49575508
70.5	87.5	77.94239532756912	29.79133684224727	0.084	0.0832	0.1052	0.0958	0.1512	0.2478	0.2801	0.2888	0.3094	0.2994	0.2718	0.1758	-0.030324632	0.5018201
67.5	88.5	77.94211860848479	29.791244602552492	0.0825	0.0847	0.105	0.098	0.1468	0.2354	0.2626	0.2765	0.2899	0.2882	0.2427	0.1485	-0.06510014	0.47663552
68.5	88.5	77.94221084817956	29.791244602552492	0.0825	0.0869	0.1074	0.1009	0.1552	0.255	0.2814	0.283	0.3095	0.2882	0.2609	0.1658	-0.040632475	0.47434226
69.5	88.5	77.94230308787434	29.791244602552492	0.0825	0.0853	0.1104	0.1026	0.1552	0.255	0.2814	0.2844	0.3095	0.2882	0.2609	0.1658	-0.043095537	0.46976742
70.5	88.5	77.94239532756912	29.791244602552492	0.084	0.0862	0.107	0.1042	0.1512	0.2478	0.2801	0.28	0.3094	0.2994	0.2718	0.1758	-0.014860438	0.4575742
71.5	88.5	77.9424875672639	29.791244602552492	0.084	0.0862	0.1068	0.1058	0.1512	0.2478	0.2801	0.2805	0.3094	0.2994	0.2718	0.1758	-0.015752278	0.4522392
66.5	89.5	77.94202636879001	29.791152362857716	0.0821	0.0838	0.1017	0.0949	0.1494	0.2421	0.2719	0.2765	0.2963	0.2891	0.2457	0.1541	-0.058981206	0.48896068
67.5	89.5	77.94211860848479	29.791152362857716	0.0821	0.0838	0.103	0.0955	0.1494	0.2421	0.2719	0.2728	0.2963	0.2891	0.2457	0.1541	-0.052266147	0.48140103
68.5	89.5	77.94221084817956	29.791152362857716	0.0821	0.088	0.1082	0.1054	0.1583	0.2436	0.2704	0.2796	0.2971	0.2891	0.2724	0.1873	-0.013043484	0.4524675
69.5	89.5	77.94230308787434	29.791152362857716	0.0821	0.09	0.1122	0.1134	0.1583	0.2436	0.2704	0.277	0.2971	0.2891	0.2724	0.1873	-0.008372803	0.4190574
70.5	89.5	77.94239532756912	29.791152362857716	0.0854	0.0869	0.109	0.1074	0.156	0.236	0.2657	0.2736	0.292	0.2854	0.2845	0.1985	0.019530533	0.4362205
71.5	89.5	77.9424875672639	29.791152362857716	0.0854	0.0873	0.1076	0.1064	0.156	0.236	0.2657	0.2754	0.292	0.2854	0.2845	0.1985	0.016252885	0.44264016
65.5	90.5	77.94193412909523	29.79106012316294	0.0821	0.083	0.1032	0.0955	0.1452	0.2331	0.2615	0.2754	0.2823	0.2891	0.2411	0.1531	-0.066408545	0.4850364
66.5	90.5	77.94202636879001	29.79106012316294	0.0821	0.083	0.1024	0.0928	0.1494	0.2421	0.2719	0.2876	0.2963	0.2891	0.2457	0.1541	-0.07856742	0.51209253
67.5	90.5	77.94211860848479	29.79106012316294	0.0821	0.0828	0.1036	0.0949	0.1494	0.2421	0.2719	0.2784	0.2963	0.2891	0.2457	0.1541	-0.062392678	0.49156177
68.5	90.5	77.94221084817956	29.79106012316294	0.0821	0.0848	0.107	0.1036	0.1583	0.2436	0.2704	0.2714	0.2971	0.2891	0.2724	0.1873	0.0018388877	0.44746667
69.5	90.5	77.94230308787434	29.79106012316294	0.0821	0.0897	0.1116	0.114	0.1583	0.2436	0.2704	0.2658	0.2971	0.2891	0.2724	0.1873	0.012263086	0.39968404
70.5	90.5	77.94239532756912	29.79106012316294	0.0854	0.0848	0.1104	0.106	0.156	0.236	0.2657	0.2698	0.292	0.2854	0.2845	0.1985	0.026519926	0.43587017
71.5	90.5	77.9424875672639	29.79106012316294	0.0854	0.0867	0.1088	0.1034	0.156	0.236	0.2657	0.2787	0.292	0.2854	0.2845	0.1985	0.010298311	0.4587804
64.5	91.5	77.94184188940045	29.790967883468163	0.0821	0.0837	0.1066	0.1032	0.1527	0.2341	0.2596	0.275	0.2861	0.2891	0.2471	0.1648	-0.05343806	0.454257
65.5	91.5	77.94193412909523	29.790967883468163	0.0821	0.0837	0.1066	0.1032	0.1527	0.2341	0.2596	0.275	0.2861	0.2891	0.2471	0.1648	-0.05343806	0.454257
66.5	91.5	77.94202636879001	29.790967883468163	0.0821	0.0818	0.1056	0.0952	0.1478	0.2424	0.2755	0.2872	0.2991	0.2891	0.2468	0.1597	-0.07565542	0.50209206
67.5	91.5	77.94211860848479	29.790967883468163	0.0821	0.0838	0.105	0.0952	0.1478	0.2424	0.2755	0.2868	0.2991	0.2891	0.2468	0.1597	-0.074962504	0.50157064
68.5	91.5	77.94221084817956	29.790967883468163	0.0821	0.085	0.1048	0.103	0.1533	0.2403	0.2664	0.2742	0.2962	0.2891	0.2689	0.1835	-0.009758765	0.45387062
69.5	91.5	77.94230308787434	29.790967883468163	0.0821	0.0915	0.1126	0.1186	0.1533	0.2403	0.2664	0.2634	0.2962	0.2891	0.2689	0.1835	0.010332555	0.37905756
70.5	91.5	77.94239532756912	29.790967883468163	0.0854	0.0897	0.1096	0.1172	0.1595	0.2267	0.2512	0.261	0.2793	0.2854	0.2886	0.2097	0.05021832	0.3802221
71.5	91.5	77.9424875672639	29.790967883468163	0.0854	0.089	0.1098	0.1134	0.1595	0.2267	0.2512	0.263	0.2793	0.2854	0.2886	0.2097	0.046410415	0.39744955
3.5	92.5	77.9362152680191	29.790875643773386	0.0799	0.0803	0.1013	0.0879	0.1329	0.2434	0.276	0.2757	0.298	0.2854	0.2167	0.1444	-0.11982128	0.51650167
64.5	92.5	77.94184188940045	29.790875643773386	0.0821	0.0869	0.1098	0.1076	0.1527	0.2341	0.2596	0.2687	0.2861	0.2891	0.2471	0.1648	-0.04187671	0.42811584
65.5	92.5	77.94193412909523	29.790875643773386	0.0821	0.0869	0.1098	0.1076	0.1527	0.2341	0.2596	0.2687	0.2861	0.2891	0.2471	0.1648	-0.04187671	0.42811584
66.5	92.5	77.94202636879001	29.790875643773386	0.0821	0.0845	0.1078	0.0967	0.1478	0.2424	0.2755	0.28	0.2991	0.2891	0.2468	0.1597	-0.06302201	0.4865941
67.5	92.5	77.94211860848479	29.790875643773386	0.0821	0.0835	0.1032	0.0924	0.1478	0.2424	0.2755	0.2784	0.2991	0.2891	0.2468	0.1597	-0.06016755	0.50161815
68.5	92.5	77.94221084817956	29.790875643773386	0.0821	0.0832	0.105	0.0996	0.1533	0.2403	0.2664	0.2764	0.2962	0.2891	0.2689	0.1835	-0.013753884	0.47021276
69.5	92.5	77.94230308787434	29.790875643773386	0.0821	0.0881	0.1096	0.11	0.1533	0.2403	0.2664	0.2714	0.2962	0.2891	0.2689	0.1835	-0.0046270546	0.42317778
70.5	92.5	77.94239532756912	29.790875643773386	0.0854	0.091	0.1096	0.1156	0.1595	0.2267	0.2512	0.2586	0.2793	0.2854	0.2886	0.2097	0.054824565	0.3821486
71.5	92.5	77.9424875672639	29.790875643773386	0.0854	0.0948	0.1136	0.1212	0.1595	0.2267	0.2512	0.2453	0.2793	0.2854	0.2886	0.2097	0.081101336	0.33860844
72.5	92.5	77.94257980695868	29.790875643773386	0.0854	0.097	0.1182	0.1328	0.1657	0.2318	0.2556	0.2608	0.2783	0.2854	0.3001	0.2219	0.07006595	0.32520327
3.5	93.5	77.9362152680191	29.79078340407861	0.0841	0.0781	0.0929	0.0794	0.1418	0.2368	0.2708	0.2754	0.2936	0.2878	0.2258	0.1466	-0.09896253	0.5524239
4.5	93.5	77.93630750771386	29.79078340407861	0.0841	0.0809	0.0998	0.091	0.1418	0.2368	0.2708	0.2812	0.2936	0.2878	0.2258	0.1466	-0.109270215	0.5110156
63.5	93.5	77.94174964970568	29.79078340407861	0.0821	0.0808	0.102	0.0959	0.1474	0.2269	0.2554	0.253	0.2779	0.2891	0.2431	0.1577	-0.019955631	0.45027226
64.5	93.5	77.94184188940045	29.79078340407861	0.0821	0.0863	0.1104	0.105	0.1474	0.2269	0.2554	0.2619	0.2779	0.2891	0.2431	0.1577	-0.03722773	0.42763698
65.5	93.5	77.94193412909523	29.79078340407861	0.0821	0.0863	0.1104	0.105	0.1474	0.2269	0.2554	0.2619	0.2779	0.2891	0.2431	0.1577	-0.03722773	0.42763698
66.5	93.5	77.94202636879001	29.79078340407861	0.0821	0.083	0.1044	0.0979	0.1401	0.2344	0.2656	0.267	0.2843	0.2891	0.2412	0.1523	-0.050767396	0.4634146
67.5	93.5	77.94211860848479	29.79078340407861	0.0821	0.0805	0.0974	0.0885	0.1401	0.2344	0.2656	0.2671	0.2843	0.2891	0.2412	0.1523	-0.050954174	0.5022497
68.5	93.5	77.94221084817956	29.79078340407861	0.0821	0.081	0.1019	0.094	0.1458	0.2372	0.2629	0.2756	0.284	0.2891	0.2569	0.1735	-0.03511732	0.49134198
69.5	93.5	77.94230308787434	29.79078340407861	0.0821	0.0843	0.105	0.0977	0.1458	0.2372	0.2629	0.2765	0.284	0.2891	0.2569	0.1735	-0.03674536	0.47781932
70.5	93.5	77.94239532756912	29.79078340407861	0.0854	0.0869	0.1086	0.1092	0.1507	0.214	0.2396	0.2614	0.2622	0.2854	0.2755	0.2013	0.026261846	0.4106854
71.5	93.5	77.9424875672639	29.79078340407861	0.0854	0.0883	0.1064	0.1092	0.1507	0.214	0.2396	0.2392	0.2622	0.2854	0.2755	0.2013	0.070526525	0.37313432
72.5	93.5	77.94257980695868	29.79078340407861	0.0854	0.0843	0.1064	0.1146	0.149	0.2108	0.2366	0.2398	0.2614	0.2854	0.2661	0.1912	0.051986527	0.35327312
2.5	94.5	77.93612302832432	29.790691164383833	0.0776	0.0838	0.0978	0.0925	0.1265	0.229	0.2714	0.2684	0.285	0.2899	0.1998	0.1228	-0.1465186	0.48739263
3.5	94.5	77.9362152680191	29.790691164383833	0.0841	0.0755	0.0953	0.086	0.1418	0.2368	0.2708	0.2834	0.2936	0.2878	0.2258	0.1466	-0.11311863	0.5343801
4.5	94.5	77.93630750771386	29.790691164383833	0.0841	0.0832	0.1078	0.1032	0.1418	0.2368	0.2708	0.2554	0.2936	0.2878	0.2258	0.1466	-0.061512906	0.4244283
5.5	94.5	77.93639974740864	29.790691164383833	0.0841	0.0885	0.1026	0.0965	0.1471	0.2251	0.2483	0.238	0.2701	0.2878	0.2377	0.1708	-6.306602E-4	0.42301944
6.5	94.5	77.93649198710342	29.790691164383833	0.0841	0.0898	0.108	0.118	0.1471	0.2251	0.2483	0.2304	0.2701	0.2878	0.2377	0.1708	0.015594968	0.32261768
62.5	94.5	77.9416574100109	29.790691164383833	0.0881	0.0821	0.0989	0.0946	0.1434	0.2264	0.2524	0.2521	0.2807	0.2861	0.245	0.1543	-0.014282812	0.45428324
63.5	94.5	77.94174964970568	29.790691164383833	0.0821	0.0807	0.1036	0.0963	0.1474	0.2269	0.2554	0.2642	0.2779	0.2891	0.2431	0.1577	-0.041592743	0.46574202
64.5	94.5	77.94184188940045	29.790691164383833	0.0821	0.0832	0.1052	0.0998	0.1474	0.2269	0.2554	0.2501	0.2779	0.2891	0.2431	0.1577	-0.014192994	0.42955127
65.5	94.5	77.94193412909523	29.790691164383833	0.0821	0.0815	0.0996	0.0977	0.1401	0.2344	0.2656	0.2578	0.2843	0.2891	0.2412	0.1523	-0.03326656	0.45035163
66.5	94.5	77.94202636879001	29.790691164383833	0.0821	0.0815	0.0996	0.0977	0.1401	0.2344	0.2656	0.2578	0.2843	0.2891	0.2412	0.1523	-0.03326656	0.45035163
67.5	94.5	77.94211860848479	29.790691164383833	0.0821	0.0802	0.0959	0.0911	0.1401	0.2344	0.2656	0.2676	0.2843	0.2891	0.2412	0.1523	-0.051886793	0.49205464
68.5	94.5	77.94221084817956	29.790691164383833	0.0821	0.0786	0.1003	0.0929	0.1458	0.2372	0.2629	0.2707	0.284	0.2891	0.2569	0.1735	-0.026156168	0.48899892
69.5	94.5	77.94230308787434	29.790691164383833	0.0821	0.0865	0.1038	0.105	0.1458	0.2372	0.2629	0.26	0.284	0.2891	0.2569	0.1735	-0.005997249	0.42465752
70.5	94.5	77.94239532756912	29.790691164383833	0.0854	0.0822	0.1028	0.1078	0.1507	0.214	0.2396	0.2442	0.2622	0.2854	0.2755	0.2013	0.06022704	0.38750002
71.5	94.5	77.9424875672639	29.790691164383833	0.0854	0.0803	0.0966	0.099	0.1507	0.214	0.2396	0.2371	0.2622	0.2854	0.2755	0.2013	0.0749122	0.41088963
72.5	94.5	77.94257980695868	29.790691164383833	0.0854	0.0884	0.103	0.1114	0.149	0.2108	0.2366	0.2357	0.2614	0.2854	0.2661	0.1912	0.060581893	0.35811004
2.5	95.5	77.93612302832432	29.790598924689057	0.0776	0.0923	0.1148	0.1236	0.1472	0.2417	0.2752	0.2662	0.2954	0.2899	0.2279	0.1666	-0.077514686	0.36582863
3.5	95.5	77.9362152680191	29.790598924689057	0.0841	0.0895	0.1144	0.117	0.1504	0.2397	0.2722	0.272	0.2938	0.2878	0.2455	0.1813	-0.05120776	0.39845762
4.5	95.5	77.93630750771386	29.790598924689057	0.0841	0.0933	0.1138	0.1166	0.1504	0.2397	0.2722	0.2564	0.2938	0.2878	0.2455	0.1813	-0.021717455	0.37479892
5.5	95.5	77.93639974740864	29.790598924689057	0.0841	0.0912	0.1054	0.1072	0.1636	0.2294	0.2509	0.2379	0.2609	0.2878	0.2556	0.2173	0.035866264	0.37873083
6.5	95.5	77.93649198710342	29.790598924689057	0.0841	0.0933	0.1164	0.129	0.1636	0.2294	0.2509	0.2398	0.2609	0.2878	0.2556	0.2173	0.031893417	0.30043387
7.5	95.5	77.9365842267982	29.790598924689057	0.0841	0.1122	0.1386	0.1488	0.1693	0.2281	0.2532	0.2438	0.2652	0.2878	0.2719	0.2212	0.054489043	0.24197656
8.5	95.5	77.93667646649297	29.790598924689057	0.0841	0.1114	0.1282	0.1338	0.1693	0.2281	0.2532	0.2593	0.2652	0.2878	0.2719	0.2212	0.023719888	0.31925717
62.5	95.5	77.9416574100109	29.790598924689057	0.081	0.08	0.0992	0.0935	0.1468	0.2266	0.2571	0.2642	0.2857	0.2854	0.2446	0.151	-0.03852202	0.47721553
63.5	95.5	77.94174964970568	29.790598924689057	0.0817	0.0805	0.1028	0.0957	0.1486	0.2254	0.2542	0.2671	0.28	0.2804	0.2544	0.1691	-0.024352811	0.4724366
64.5	95.5	77.94184188940045	29.790598924689057	0.0817	0.0836	0.1038	0.099	0.1486	0.2254	0.2542	0.257	0.28	0.2804	0.2544	0.1691	-0.005084052	0.44382024
65.5	95.5	77.94193412909523	29.790598924689057	0.0817	0.0847	0.1036	0.1002	0.1521	0.2288	0.2534	0.2579	0.2767	0.2804	0.2512	0.1656	-0.013160498	0.4403798
66.5	95.5	77.94202636879001	29.790598924689057	0.0817	0.0847	0.1036	0.1002	0.1521	0.2288	0.2534	0.2579	0.2767	0.2804	0.2512	0.1656	-0.013160498	0.4403798
67.5	95.5	77.94211860848479	29.790598924689057	0.0817	0.0792	0.0977	0.0953	0.1521	0.2288	0.2534	0.264	0.2767	0.2804	0.2512	0.1656	-0.024844736	0.4695241
68.5	95.5	77.94221084817956	29.790598924689057	0.0817	0.0813	0.1014	0.093	0.1443	0.2224	0.2512	0.2622	0.2803	0.2804	0.2531	0.1683	-0.017659597	0.47635135
69.5	95.5	77.94230308787434	29.790598924689057	0.0817	0.0865	0.105	0.1094	0.1443	0.2224	0.2512	0.2484	0.2803	0.2804	0.2531	0.1683	0.009371894	0.3884852
70.5	95.5	77.94239532756912	29.790598924689057	0.0844	0.0833	0.1034	0.108	0.1531	0.2225	0.2499	0.2428	0.2762	0.2683	0.269	0.1953	0.051191866	0.38426453
71.5	95.5	77.9424875672639	29.790598924689057	0.0844	0.0845	0.1064	0.108	0.1531	0.2225	0.2499	0.2455	0.2762	0.2683	0.269	0.1953	0.045675404	0.38896745
72.5	95.5	77.94257980695868	29.790598924689057	0.0844	0.0902	0.109	0.1096	0.131	0.215	0.2377	0.2499	0.2671	0.2683	0.2278	0.1523	-0.04626335	0.39026424
2.5	96.5	77.93612302832432	29.79050668499428	0.0776	0.0915	0.1118	0.1142	0.1472	0.2417	0.2752	0.28	0.2954	0.2899	0.2279	0.1666	-0.10257925	0.42059866
3.5	96.5	77.9362152680191	29.79050668499428	0.0841	0.0921	0.1206	0.1156	0.1504	0.2397	0.2722	0.2808	0.2938	0.2878	0.2455	0.1813	-0.06707204	0.4167508
4.5	96.5	77.93630750771386	29.79050668499428	0.0841	0.0834	0.103	0.1034	0.1504	0.2397	0.2722	0.2751	0.2938	0.2878	0.2455	0.1813	-0.056857463	0.45363274
5.5	96.5	77.93639974740864	29.79050668499428	0.0841	0.0934	0.119	0.1306	0.1636	0.2294	0.2509	0.2705	0.2609	0.2878	0.2556	0.2173	-0.028321609	0.34879082
6.5	96.5	77.93649198710342	29.79050668499428	0.0841	0.1042	0.1326	0.1534	0.1636	0.2294	0.2509	0.2586	0.2609	0.2878	0.2556	0.2173	-0.0058342884	0.2553398
7.5	96.5	77.9365842267982	29.79050668499428	0.0841	0.1036	0.1286	0.1316	0.1693	0.2281	0.2532	0.2464	0.2652	0.2878	0.2719	0.2212	0.049199305	0.30370367
8.5	96.5	77.93667646649297	29.79050668499428	0.0841	0.0968	0.1164	0.1216	0.1693	0.2281	0.2532	0.2509	0.2652	0.2878	0.2719	0.2212	0.04016832	0.3471141
9.5	96.5	77.93676870618775	29.79050668499428	0.0847	0.096	0.1218	0.1306	0.1707	0.2328	0.2506	0.2543	0.2809	0.2885	0.2569	0.203	0.0050860997	0.32138216
61.5	96.5	77.94156517031612	29.79050668499428	0.081	0.0828	0.1032	0.0951	0.1468	0.2266	0.2571	0.2674	0.2857	0.2854	0.2446	0.151	-0.04453125	0.47531033
62.5	96.5	77.9416574100109	29.79050668499428	0.081	0.08	0.1007	0.096	0.1468	0.2266	0.2571	0.2643	0.2857	0.2854	0.2446	0.151	-0.03871093	0.46711072
63.5	96.5	77.94174964970568	29.79050668499428	0.0817	0.0797	0.1034	0.0986	0.1486	0.2254	0.2542	0.2604	0.28	0.2804	0.2544	0.1691	-0.011654977	0.45069638
64.5	96.5	77.94184188940045	29.79050668499428	0.0817	0.0844	0.1062	0.1112	0.1486	0.2254	0.2542	0.2574	0.28	0.2804	0.2544	0.1691	-0.0058616474	0.39663595
65.5	96.5	77.94193412909523	29.79050668499428	0.0817	0.0918	0.1138	0.1164	0.1521	0.2288	0.2534	0.2561	0.2767	0.2804	0.2512	0.1656	-0.009658996	0.37503356
66.5	96.5	77.94202636879001	29.79050668499428	0.0817	0.0918	0.1138	0.1164	0.1521	0.2288	0.2534	0.2561	0.2767	0.2804	0.2512	0.1656	-0.009658996	0.37503356
67.5	96.5	77.94211860848479	29.79050668499428	0.0817	0.0836	0.0987	0.0959	0.1521	0.2288	0.2534	0.2565	0.2767	0.2804	0.2512	0.1656	-0.0104392655	0.45573214
68.5	96.5	77.94221084817956	29.79050668499428	0.0817	0.082	0.0989	0.0933	0.1443	0.2224	0.2512	0.2588	0.2803	0.2804	0.2531	0.1683	-0.011134972	0.47003692
69.5	96.5	77.94230308787434	29.79050668499428	0.0817	0.0813	0.1024	0.0985	0.1443	0.2224	0.2512	0.2618	0.2803	0.2804	0.2531	0.1683	-0.016896453	0.45323342
70.5	96.5	77.94239532756912	29.79050668499428	0.0844	0.0875	0.109	0.1132	0.1531	0.2225	0.2499	0.2544	0.2762	0.2683	0.269	0.1953	0.027894495	0.3841132
71.5	96.5	77.9424875672639	29.79050668499428	0.0844	0.0949	0.1206	0.1268	0.1531	0.2225	0.2499	0.2636	0.2762	0.2683	0.269	0.1953	0.010138945	0.3504098
72.5	96.5	77.94257980695868	29.79050668499428	0.0844	0.0889	0.102	0.1076	0.131	0.215	0.2377	0.2708	0.2671	0.2683	0.2278	0.1523	-0.086241476	0.4312896
2.5	97.5	77.93612302832432	29.790414445299504	0.0776	0.0756	0.0953	0.0862	0.1349	0.2531	0.2846	0.283	0.31	0.2899	0.205	0.1259	-0.15983605	0.5330444
3.5	97.5	77.9362152680191	29.790414445299504	0.0841	0.0821	0.1015	0.0874	0.1442	0.255	0.2834	0.2923	0.3092	0.2878	0.2244	0.1471	-0.13141085	0.53963655
4.5	97.5	77.93630750771386	29.790414445299504	0.0841	0.0761	0.0982	0.0893	0.1442	0.255	0.2834	0.2808	0.3092	0.2878	0.2244	0.1471	-0.111638986	0.51742774
5.5	97.5	77.93639974740864	29.790414445299504	0.0841	0.0979	0.1244	0.1322	0.1638	0.2428	0.271	0.2744	0.2908	0.2878	0.2492	0.1922	-0.048128333	0.34972945
6.5	97.5	77.93649198710342	29.790414445299504	0.0841	0.1048	0.1316	0.149	0.1638	0.2428	0.271	0.2656	0.2908	0.2878	0.2492	0.1922	-0.03185702	0.28123492
7.5	97.5	77.9365842267982	29.790414445299504	0.0841	0.0898	0.1144	0.1174	0.1474	0.2422	0.2698	0.2714	0.2845	0.2878	0.2438	0.1762	-0.053571437	0.39609054
8.5	97.5	77.93667646649297	29.790414445299504	0.0841	0.0932	0.1126	0.11	0.1474	0.2422	0.2698	0.261	0.2845	0.2878	0.2438	0.1762	-0.034072917	0.4070081
9.5	97.5	77.93676870618775	29.790414445299504	0.0847	0.0853	0.104	0.0968	0.134	0.2471	0.285	0.2563	0.296	0.2885	0.2149	0.1362	-0.08786078	0.4517134
10.5	97.5	77.93686094588253	29.790414445299504	0.0847	0.0813	0.0998	0.0878	0.134	0.2471	0.285	0.2647	0.296	0.2885	0.2149	0.1362	-0.103836514	0.5018439
11.5	97.5	77.93695318557731	29.790414445299504	0.0847	0.0813	0.0998	0.0878	0.134	0.2471	0.285	0.2647	0.296	0.2885	0.2149	0.1362	-0.103836514	0.5018439
60.5	97.5	77.94147293062134	29.790414445299504	0.081	0.0822	0.1011	0.0967	0.1455	0.232	0.2617	0.2656	0.2891	0.2854	0.2471	0.152	-0.036083482	0.46618825
61.5	97.5	77.94156517031612	29.790414445299504	0.081	0.0832	0.1026	0.0998	0.1512	0.232	0.2584	0.268	0.287	0.2854	0.2585	0.1655	-0.018043678	0.45731378
62.5	97.5	77.9416574100109	29.790414445299504	0.081	0.0829	0.1032	0.1022	0.1512	0.232	0.2584	0.267	0.287	0.2854	0.2585	0.1655	-0.016175034	0.4463705
63.5	97.5	77.94174964970568	29.790414445299504	0.0817	0.0829	0.104	0.1034	0.1505	0.2268	0.2516	0.2579	0.2778	0.2804	0.2681	0.1833	0.019391624	0.42762247
64.5	97.5	77.94184188940045	29.790414445299504	0.0817	0.0836	0.1074	0.1106	0.1505	0.2268	0.2516	0.251	0.2778	0.2804	0.2681	0.1833	0.032941643	0.3882743
65.5	97.5	77.94193412909523	29.790414445299504	0.0817	0.0924	0.1166	0.1198	0.1534	0.2246	0.2475	0.2578	0.2707	0.2804	0.2582	0.1761	7.7514915E-4	0.36546612
66.5	97.5	77.94202636879001	29.790414445299504	0.0817	0.0924	0.1166	0.1198	0.1534	0.2246	0.2475	0.2578	0.2707	0.2804	0.2582	0.1761	7.7514915E-4	0.36546612
67.5	97.5	77.94211860848479	29.790414445299504	0.0817	0.082	0.1026	0.1024	0.1534	0.2246	0.2475	0.2544	0.2707	0.2804	0.2582	0.1761	0.0074131386	0.426009
68.5	97.5	77.94221084817956	29.790414445299504	0.0817	0.0793	0.0992	0.0934	0.1417	0.2268	0.25	0.2521	0.2803	0.2804	0.2447	0.1571	-0.0148953125	0.45933428
69.5	97.5	77.94230308787434	29.790414445299504	0.0817	0.078	0.0981	0.0905	0.1417	0.2268	0.25	0.2742	0.2803	0.2804	0.2447	0.1571	-0.05685102	0.5037017
70.5	97.5	77.94239532756912	29.790414445299504	0.0844	0.0818	0.112	0.1116	0.1674	0.2497	0.275	0.2852	0.2954	0.2683	0.2693	0.2053	-0.028674455	0.4375
71.5	97.5	77.9424875672639	29.790414445299504	0.0844	0.1004	0.129	0.1334	0.1674	0.2497	0.275	0.2811	0.2954	0.2683	0.2693	0.2053	-0.021438936	0.35633296
72.5	97.5	77.94257980695868	29.790414445299504	0.0844	0.094	0.1194	0.114	0.1486	0.2375	0.2653	0.2711	0.2879	0.2683	0.2369	0.1617	-0.06732286	0.40794602
2.5	98.5	77.93612302832432	29.790322205604728	0.0776	0.0783	0.0948	0.0843	0.1349	0.2531	0.2846	0.2915	0.31	0.2899	0.205	0.1259	-0.17421955	0.55135715
3.5	98.5	77.9362152680191	29.790322205604728	0.0841	0.0765	0.1006	0.0805	0.1442	0.255	0.2834	0.3015	0.3092	0.2878	0.2244	0.1471	-0.1466058	0.578534
4.5	98.5	77.93630750771386	29.790322205604728	0.0841	0.0781	0.0982	0.0834	0.1442	0.255	0.2834	0.2844	0.3092	0.2878	0.2244	0.1471	-0.117924504	0.54649264
5.5	98.5	77.93639974740864	29.790322205604728	0.0841	0.0885	0.1042	0.0979	0.1638	0.2428	0.271	0.28	0.2908	0.2878	0.2492	0.1922	-0.058201056	0.4818735
6.5	98.5	77.93649198710342	29.790322205604728	0.0841	0.0859	0.112	0.1076	0.1638	0.2428	0.271	0.2678	0.2908	0.2878	0.2492	0.1922	-0.035976794	0.4267448
7.5	98.5	77.9365842267982	29.790322205604728	0.0841	0.0869	0.1152	0.1064	0.1474	0.2422	0.2698	0.2674	0.2845	0.2878	0.2438	0.1762	-0.04616588	0.43071163
8.5	98.5	77.93667646649297	29.790322205604728	0.0841	0.1	0.1186	0.1058	0.1474	0.2422	0.2698	0.2705	0.2845	0.2878	0.2438	0.1762	-0.051915232	0.4376827
9.5	98.5	77.93676870618775	29.790322205604728	0.0847	0.0789	0.0983	0.085	0.134	0.2471	0.285	0.2995	0.296	0.2885	0.2149	0.1362	-0.16446343	0.55786735
10.5	98.5	77.93686094588253	29.790322205604728	0.0847	0.0783	0.0971	0.0786	0.134	0.2471	0.285	0.2951	0.296	0.2885	0.2149	0.1362	-0.1572549	0.5793417
11.5	98.5	77.93695318557731	29.790322205604728	0.0847	0.0783	0.0971	0.0786	0.134	0.2471	0.285	0.2951	0.296	0.2885	0.2149	0.1362	-0.1572549	0.5793417
12.5	98.5	77.93704542527207	29.790322205604728	0.0847	0.0833	0.1054	0.0902	0.1347	0.254	0.2918	0.2934	0.3067	0.2885	0.2095	0.1273	-0.16683236	0.52971846
61.5	98.5	77.94156517031612	29.790322205604728	0.081	0.0819	0.104	0.1024	0.1512	0.232	0.2584	0.2678	0.287	0.2854	0.2585	0.1655	-0.017670518	0.44678554
62.5	98.5	77.9416574100109	29.790322205604728	0.081	0.085	0.107	0.1062	0.1512	0.232	0.2584	0.2675	0.287	0.2854	0.2585	0.1655	-0.017110271	0.43162966
63.5	98.5	77.94174964970568	29.790322205604728	0.0817	0.0853	0.1056	0.1042	0.1505	0.2268	0.2516	0.2614	0.2778	0.2804	0.2681	0.1833	0.012653408	0.42997816
64.5	98.5	77.94184188940045	29.790322205604728	0.0817	0.0846	0.105	0.108	0.1505	0.2268	0.2516	0.2501	0.2778	0.2804	0.2681	0.1833	0.03473564	0.3968165
65.5	98.5	77.94193412909523	29.790322205604728	0.0817	0.0863	0.1078	0.1128	0.1534	0.2246	0.2475	0.2544	0.2707	0.2804	0.2582	0.1761	0.0074131386	0.38562092
66.5	98.5	77.94202636879001	29.790322205604728	0.0817	0.0863	0.1078	0.1128	0.1534	0.2246	0.2475	0.2544	0.2707	0.2804	0.2582	0.1761	0.0074131386	0.38562092
67.5	98.5	77.94211860848479	29.790322205604728	0.0817	0.0827	0.1028	0.1013	0.1534	0.2246	0.2475	0.2518	0.2707	0.2804	0.2582	0.1761	0.012548999	0.42622486
68.5	98.5	77.94221084817956	29.790322205604728	0.0817	0.0807	0.0997	0.0928	0.1417	0.2268	0.25	0.2439	0.2803	0.2804	0.2447	0.1571	0.0016373284	0.44876745
69.5	98.5	77.94230308787434	29.790322205604728	0.0817	0.0788	0.0977	0.0925	0.1417	0.2268	0.25	0.2596	0.2803	0.2804	0.2447	0.1571	-0.029545931	0.4745811
70.5	98.5	77.94239532756912	29.790322205604728	0.0844	0.0807	0.1166	0.1128	0.1674	0.2497	0.275	0.2824	0.2954	0.2683	0.2693	0.2053	-0.023744784	0.4291498
71.5	98.5	77.9424875672639	29.790322205604728	0.0844	0.112	0.1332	0.147	0.1674	0.2497	0.275	0.2905	0.2954	0.2683	0.2693	0.2053	-0.037870616	0.32799998
72.5	98.5	77.94257980695868	29.790322205604728	0.0844	0.0929	0.1168	0.1188	0.1486	0.2375	0.2653	0.2839	0.2879	0.2683	0.2369	0.1617	-0.09024576	0.40998262
1.5	99.5	77.93603078862954	29.79022996590995	0.0764	0.0761	0.0979	0.0903	0.1228	0.2377	0.2753	0.2958	0.299	0.2857	0.1899	0.1111	-0.21803583	0.5322455
2.5	99.5	77.93612302832432	29.79022996590995	0.0764	0.0761	0.0979	0.0903	0.1228	0.2377	0.2753	0.2958	0.299	0.2857	0.1899	0.1111	-0.21803583	0.5322455
3.5	99.5	77.9362152680191	29.79022996590995	0.0804	0.0751	0.0951	0.0808	0.1414	0.2481	0.284	0.2888	0.3084	0.3008	0.2244	0.1452	-0.12548715	0.5627706
4.5	99.5	77.93630750771386	29.79022996590995	0.0804	0.0769	0.0959	0.0814	0.1414	0.2481	0.284	0.2785	0.3084	0.3008	0.2244	0.1452	-0.10757604	0.5476521
5.5	99.5	77.93639974740864	29.79022996590995	0.0804	0.0775	0.0956	0.0794	0.1454	0.2393	0.2715	0.2958	0.2894	0.3008	0.2388	0.1677	-0.106621765	0.57675904
6.5	99.5	77.93649198710342	29.79022996590995	0.0804	0.0785	0.106	0.0908	0.1454	0.2393	0.2715	0.2984	0.2894	0.3008	0.2388	0.1677	-0.11094566	0.53340185
7.5	99.5	77.9365842267982	29.79022996590995	0.0804	0.0825	0.1036	0.092	0.145	0.2485	0.2768	0.2729	0.3096	0.3008	0.2304	0.1578	-0.08444266	0.49575225
8.5	99.5	77.93667646649297	29.79022996590995	0.0804	0.0836	0.0979	0.089	0.145	0.2485	0.2768	0.2924	0.3096	0.3008	0.2304	0.1578	-0.11859221	0.5332984
9.5	99.5	77.93676870618775	29.79022996590995	0.0798	0.0759	0.0949	0.0752	0.1335	0.2651	0.3117	0.336	0.3371	0.3181	0.2065	0.1206	-0.23870969	0.6342412
10.5	99.5	77.93686094588253	29.79022996590995	0.0798	0.0789	0.0963	0.0759	0.1335	0.2651	0.3117	0.3144	0.3371	0.3181	0.2065	0.1206	-0.20714147	0.61106837
11.5	99.5	77.93695318557731	29.79022996590995	0.0798	0.0789	0.0963	0.0759	0.1335	0.2651	0.3117	0.3144	0.3371	0.3181	0.2065	0.1206	-0.20714147	0.61106837
12.5	99.5	77.93704542527207	29.79022996590995	0.0798	0.0822	0.1011	0.089	0.1449	0.2518	0.2884	0.2962	0.3202	0.3181	0.238	0.1487	-0.10894796	0.5379024
13.5	99.5	77.93713766496685	29.79022996590995	0.0798	0.0839	0.1036	0.0898	0.1449	0.2518	0.2884	0.2828	0.3202	0.3181	0.238	0.1487	-0.086021475	0.5179817
65.5	99.5	77.94193412909523	29.79022996590995	0.0817	0.0868	0.1058	0.1015	0.1506	0.2281	0.2519	0.2552	0.2799	0.2804	0.2709	0.1834	0.029842257	0.43089432
66.5	99.5	77.94202636879001	29.79022996590995	0.0817	0.0836	0.1058	0.0959	0.1506	0.2281	0.2519	0.2566	0.2799	0.2804	0.2709	0.1834	0.02710904	0.4558865
67.5	99.5	77.94211860848479	29.79022996590995	0.0817	0.0836	0.1058	0.0959	0.1506	0.2281	0.2519	0.2566	0.2799	0.2804	0.2709	0.1834	0.02710904	0.4558865
68.5	99.5	77.94221084817956	29.79022996590995	0.0817	0.0761	0.1003	0.0927	0.1463	0.2281	0.2557	0.2492	0.2782	0.2804	0.2494	0.1654	4.0112992E-4	0.4577362
69.5	99.5	77.94230308787434	29.79022996590995	0.0817	0.0797	0.0974	0.0923	0.1463	0.2281	0.2557	0.2558	0.2782	0.2804	0.2494	0.1654	-0.012668258	0.46969265
70.5	99.5	77.94239532756912	29.79022996590995	0.0844	0.0863	0.1154	0.119	0.1566	0.2312	0.2626	0.277	0.2813	0.2683	0.2607	0.1897	-0.030314343	0.39898992
71.5	99.5	77.9424875672639	29.79022996590995	0.0844	0.1034	0.1298	0.1372	0.1566	0.2312	0.2626	0.2708	0.2813	0.2683	0.2607	0.1897	-0.019002836	0.327451
72.5	99.5	77.94257980695868	29.79022996590995	0.0844	0.0848	0.113	0.1036	0.1436	0.2266	0.2539	0.275	0.279	0.2683	0.2418	0.1719	-0.064241506	0.45272055
1.5	100.5	77.93603078862954	29.790137726215175	0.0764	0.0794	0.0995	0.0894	0.1228	0.2377	0.2753	0.2824	0.299	0.2857	0.1899	0.1111	-0.19585012	0.5190963
2.5	100.5	77.93612302832432	29.790137726215175	0.0764	0.0794	0.0995	0.0894	0.1228	0.2377	0.2753	0.2824	0.299	0.2857	0.1899	0.1111	-0.19585012	0.5190963
3.5	100.5	77.9362152680191	29.790137726215175	0.0804	0.0764	0.0982	0.0889	0.1414	0.2481	0.284	0.2784	0.3084	0.3008	0.2244	0.1452	-0.10739858	0.515927
4.5	100.5	77.93630750771386	29.790137726215175	0.0804	0.0829	0.102	0.0971	0.1414	0.2481	0.284	0.2743	0.3084	0.3008	0.2244	0.1452	-0.10006017	0.47711363
5.5	100.5	77.93639974740864	29.790137726215175	0.0804	0.0858	0.1036	0.0987	0.1454	0.2393	0.2715	0.2756	0.2894	0.3008	0.2388	0.1677	-0.071539626	0.4726155
6.5	100.5	77.93649198710342	29.790137726215175	0.0804	0.0839	0.1104	0.1021	0.1454	0.2393	0.2715	0.2697	0.2894	0.3008	0.2388	0.1677	-0.060766935	0.45077997
7.5	100.5	77.9365842267982	29.790137726215175	0.0804	0.0918	0.1076	0.1124	0.145	0.2485	0.2768	0.2568	0.3096	0.3008	0.2304	0.1578	-0.054187194	0.3911159
8.5	100.5	77.93667646649297	29.790137726215175	0.0804	0.0869	0.1124	0.1126	0.145	0.2485	0.2768	0.2916	0.3096	0.3008	0.2304	0.1578	-0.11724137	0.44285005
9.5	100.5	77.93676870618775	29.790137726215175	0.0798	0.0771	0.1009	0.074	0.1335	0.2651	0.3117	0.3281	0.3371	0.3181	0.2065	0.1206	-0.22745979	0.6319323
68.5	100.5	77.94221084817956	29.790137726215175	0.0817	0.0788	0.102	0.0995	0.1463	0.2281	0.2557	0.2532	0.2782	0.2804	0.2494	0.1654	-0.0075606643	0.43578112
69.5	100.5	77.94230308787434	29.790137726215175	0.0817	0.0819	0.1003	0.0953	0.1463	0.2281	0.2557	0.2522	0.2782	0.2804	0.2494	0.1654	-0.0055821426	0.45151082
70.5	100.5	77.94239532756912	29.790137726215175	0.0844	0.0869	0.1126	0.1184	0.1566	0.2312	0.2626	0.2626	0.2813	0.2683	0.2607	0.1897	-0.0036308377	0.3784777
71.5	100.5	77.9424875672639	29.790137726215175	0.0844	0.0822	0.1056	0.0981	0.1566	0.2312	0.2626	0.2369	0.2813	0.2683	0.2607	0.1897	0.047829553	0.41432837
72.5	100.5	77.94257980695868	29.790137726215175	0.0844	0.0825	0.1026	0.0985	0.1436	0.2266	0.2539	0.2476	0.279	0.2683	0.2418	0.1719	-0.011851264	0.43080035
73.5	100.5	77.94267204665344	29.790137726215175	0.0844	0.0863	0.1018	0.099	0.1436	0.2266	0.2539	0.2742	0.279	0.2683	0.2418	0.1719	-0.06279069	0.46945336
1.5	101.5	77.93603078862954	29.7900454865204	0.0764	0.0778	0.0959	0.0814	0.1176	0.2247	0.263	0.2608	0.2858	0.2857	0.1823	0.1046	-0.17716092	0.52425486
2.5	101.5	77.93612302832432	29.7900454865204	0.0764	0.0778	0.0959	0.0814	0.1176	0.2247	0.263	0.2608	0.2858	0.2857	0.1823	0.1046	-0.17716092	0.52425486
3.5	101.5	77.9362152680191	29.7900454865204	0.0804	0.0772	0.104	0.0951	0.1545	0.2404	0.2759	0.2646	0.3002	0.3008	0.2351	0.1645	-0.059035435	0.47122604
4.5	101.5	77.93630750771386	29.7900454865204	0.0804	0.093	0.118	0.1208	0.1545	0.2404	0.2759	0.2764	0.3002	0.3008	0.2351	0.1645	-0.08074291	0.39174217
5.5	101.5	77.93639974740864	29.7900454865204	0.0804	0.0957	0.117	0.131	0.1579	0.243	0.2761	0.2666	0.2942	0.3008	0.2579	0.1936	-0.01658725	0.3410463
71.5	101.5	77.9424875672639	29.7900454865204	0.0822	0.0808	0.0945	0.0896	0.1488	0.2211	0.2511	0.2419	0.2725	0.2729	0.2573	0.1762	0.030849345	0.45942685
72.5	101.5	77.94257980695868	29.7900454865204	0.0822	0.0811	0.0966	0.0952	0.1376	0.2098	0.2339	0.2234	0.2562	0.2729	0.2428	0.1659	0.041613042	0.4023854
73.5	101.5	77.94267204665344	29.7900454865204	0.0822	0.0812	0.0983	0.097	0.1376	0.2098	0.2339	0.2235	0.2562	0.2729	0.2428	0.1659	0.041389663	0.39469576
